1413393890.055760384 0.015668 0.003261 0.158459 0.806355 -0.018069 0.585277 0.083168
1413393890.155760527 0.033144 0.020220 0.221017 0.798838 -0.037076 0.593329 0.091887
1413393890.255760431 0.056732 0.040151 0.269884 0.795859 -0.054138 0.594890 0.098910
1413393890.355760574 0.081584 0.059230 0.297848 0.794469 -0.061032 0.596657 0.095362
1413393890.455760479 0.107384 0.077980 0.306196 0.791996 -0.065745 0.600004 0.091737
1413393890.555760384 0.131746 0.097371 0.306531 0.780372 -0.066688 0.615610 0.087153
1413393890.655760527 0.150537 0.117905 0.307328 0.773107 -0.063943 0.625019 0.086999
1413393890.755760431 0.163744 0.139714 0.307045 0.779862 -0.062384 0.616576 0.088074
1413393890.855760574 0.171755 0.163141 0.310625 0.789299 -0.060400 0.604801 0.087033
1413393890.955760479 0.178738 0.187898 0.318206 0.794402 -0.060151 0.597909 0.088386
1413393891.055760384 0.185874 0.213045 0.330152 0.796875 -0.060546 0.594050 0.091805
1413393891.155760527 0.193161 0.240571 0.344506 0.797283 -0.060860 0.593646 0.090666
1413393891.255760431 0.201752 0.268385 0.357908 0.795696 -0.062004 0.595557 0.091298
1413393891.355760574 0.210725 0.296464 0.359532 0.777306 -0.059258 0.619295 0.093582
1413393891.455760479 0.213312 0.325593 0.352273 0.738933 -0.055923 0.664753 0.094627
1413393891.555760384 0.199356 0.358409 0.338755 0.713703 -0.054932 0.691455 0.097472
1413393891.655760527 0.161361 0.396988 0.325763 0.709200 -0.055321 0.694895 0.105338
1413393891.755760431 0.098659 0.443946 0.317381 0.711636 -0.056847 0.691473 0.110486
1413393891.855760574 0.006510 0.495381 0.315789 0.718671 -0.057001 0.684036 0.111164
1413393891.955760479 -0.115183 0.549325 0.321140 0.744358 -0.054888 0.657438 0.103412
1413393892.055760384 -0.271354 0.588572 0.335997 0.781178 -0.043093 0.617644 0.080117
1413393892.155760527 -0.424499 0.630759 0.353707 0.802036 -0.038506 0.591775 0.071116
1413393892.255760431 -0.572562 0.675832 0.371539 0.811460 -0.036129 0.579155 0.069327
1413393892.355760574 -0.712960 0.723174 0.381518 0.815564 -0.037133 0.573305 0.069261
1413393892.455760479 -0.848579 0.767612 0.379609 0.819877 -0.037633 0.567134 0.068884
1413393892.555760384 -0.975564 0.818750 0.366392 0.822253 -0.039505 0.563360 0.070461
1413393892.655760527 -1.097324 0.865282 0.344288 0.828909 -0.040615 0.553371 0.071005
1413393892.755760431 -1.218027 0.896759 0.324348 0.843128 -0.036267 0.532167 0.067958
1413393892.855760574 -1.316863 0.951822 0.301468 0.857068 -0.039793 0.508740 0.070962
1413393892.955760479 -1.396259 1.011158 0.286234 0.868572 -0.043608 0.488281 0.072549
1413393893.055760384 -1.452734 1.072232 0.279370 0.875121 -0.045640 0.475763 0.075694
1413393893.155760527 -1.480164 1.126093 0.276311 0.874524 -0.046762 0.476651 0.076322
1413393893.255760431 -1.481623 1.177552 0.280193 0.868784 -0.046070 0.486761 0.078457
1413393893.355760574 -1.457672 1.231135 0.283791 0.863118 -0.054795 0.496317 0.075453
1413393893.455760479 -1.415905 1.275303 0.292104 0.858371 -0.063654 0.504457 0.068341
1413393893.555760384 -1.357846 1.312829 0.303184 0.856393 -0.069131 0.508043 0.060865
1413393893.655760527 -1.286648 1.341524 0.316283 0.855465 -0.072119 0.510242 0.051309
1413393893.755760431 -1.203567 1.363170 0.331899 0.853522 -0.074178 0.514161 0.040442
1413393893.855760574 -1.104655 1.376439 0.349398 0.846698 -0.074201 0.525396 0.039444
1413393893.955760479 -0.994364 1.380368 0.368966 0.835073 -0.070074 0.543914 0.043605
1413393894.055760384 -0.878948 1.377021 0.388753 0.827277 -0.067131 0.555840 0.046344
1413393894.155760527 -0.759638 1.366674 0.409031 0.823932 -0.066862 0.560818 0.046348
1413393894.255760431 -0.639800 1.351857 0.431383 0.823206 -0.066969 0.562154 0.042764
1413393894.355760574 -0.517265 1.330927 0.448489 0.822527 -0.068173 0.563174 0.040455
1413393894.455760479 -0.392755 1.304554 0.448971 0.822353 -0.065056 0.563660 0.042311
1413393894.555760384 -0.267564 1.270080 0.433705 0.820359 -0.061597 0.566534 0.047507
1413393894.655760527 -0.141199 1.233803 0.411709 0.818756 -0.057124 0.569007 0.051054
1413393894.755760431 -0.013950 1.194276 0.390331 0.817212 -0.053503 0.571464 0.052250
1413393894.855760574 0.112759 1.154132 0.373098 0.816355 -0.051499 0.573100 0.049689
1413393894.955760479 0.238675 1.110501 0.359643 0.811810 -0.047972 0.579733 0.050717
1413393895.055760384 0.363902 1.066386 0.350493 0.805039 -0.044672 0.589341 0.050935
1413393895.155760527 0.482236 1.022089 0.343727 0.804962 -0.041298 0.589614 0.051837
1413393895.255760431 0.597809 0.977585 0.338786 0.808036 -0.040044 0.585490 0.051725
1413393895.355760574 0.707906 0.933179 0.332019 0.806286 -0.038382 0.587986 0.051980
1413393895.455760479 0.814321 0.887646 0.317006 0.803795 -0.037803 0.591316 0.053194
1413393895.555760384 0.915709 0.838845 0.295238 0.802775 -0.043137 0.591975 0.057064
1413393895.655760527 1.013489 0.789491 0.275845 0.802284 -0.052966 0.591133 0.064008
1413393895.755760431 1.105730 0.742361 0.262925 0.797585 -0.064379 0.594856 0.076556
1413393895.855760574 1.192929 0.695001 0.253660 0.792250 -0.082337 0.597631 0.091642
1413393895.955760479 1.269578 0.649415 0.246747 0.787926 -0.107037 0.596165 0.110920
1413393896.055760384 1.338414 0.608789 0.241348 0.784402 -0.134281 0.590205 0.135430
1413393896.155760527 1.400900 0.576138 0.237887 0.776669 -0.164007 0.586668 0.160336
1413393896.255760431 1.464157 0.556087 0.237429 0.763987 -0.190223 0.588430 0.184090
1413393896.355760574 1.524335 0.549549 0.238361 0.750467 -0.214205 0.591106 0.203738
1413393896.455760479 1.575071 0.550688 0.243654 0.734901 -0.248410 0.594439 0.211788
1413393896.555760384 1.615206 0.562525 0.252960 0.725985 -0.287760 0.588125 0.210354
1413393896.655760527 1.645161 0.572395 0.264974 0.720413 -0.326203 0.574895 0.209981
1413393896.755760431 1.667452 0.576530 0.279844 0.712894 -0.364481 0.561979 0.207641
1413393896.855760574 1.677860 0.572308 0.297269 0.703396 -0.403284 0.547102 0.208026
1413393896.955760479 1.672624 0.556235 0.313654 0.697964 -0.441305 0.522529 0.212273
1413393897.055760384 1.654323 0.525414 0.326355 0.708356 -0.463661 0.481667 0.226378
1413393897.155760527 1.633625 0.478362 0.333457 0.720999 -0.464945 0.443967 0.258611
1413393897.255760431 1.620181 0.418232 0.339937 0.725244 -0.447866 0.426080 0.303140
1413393897.355760574 1.619985 0.351034 0.347332 0.719939 -0.422470 0.429223 0.344926
1413393897.455760479 1.634986 0.281497 0.350032 0.707413 -0.417837 0.446172 0.354837
1413393897.555760384 1.661990 0.214463 0.350434 0.696571 -0.421339 0.463921 0.349342
1413393897.655760527 1.702906 0.150284 0.351716 0.694056 -0.426111 0.471070 0.338835
1413393897.755760431 1.750115 0.087852 0.356908 0.695546 -0.427533 0.471822 0.332890
1413393897.855760574 1.803237 0.025764 0.365049 0.697484 -0.425371 0.470261 0.333810
1413393897.955760479 1.859311 -0.032031 0.377076 0.696702 -0.426694 0.463897 0.342545
1413393898.055760384 1.921851 -0.088676 0.389088 0.690943 -0.430771 0.454182 0.361598
1413393898.155760527 1.992008 -0.139194 0.406718 0.670488 -0.435569 0.457932 0.388619
1413393898.255760431 2.071280 -0.180308 0.429519 0.635867 -0.444932 0.477107 0.412404
1413393898.355760574 2.157566 -0.208060 0.457071 0.598819 -0.454158 0.504085 0.425505
1413393898.455760479 2.246724 -0.213857 0.484372 0.560722 -0.460080 0.537057 0.430682
1413393898.555760384 2.326450 -0.193546 0.500971 0.543567 -0.478169 0.552807 0.412667
1413393898.655760527 2.396941 -0.152969 0.501246 0.561795 -0.512457 0.530200 0.375050
1413393898.755760431 2.453616 -0.096923 0.490541 0.590636 -0.546873 0.489925 0.334743
1413393898.855760574 2.494993 -0.042042 0.477991 0.621508 -0.577841 0.438627 0.295691
1413393898.955760479 2.522345 -0.000572 0.476678 0.642873 -0.598226 0.393778 0.271622
1413393899.055760384 2.540017 0.010077 0.483347 0.661166 -0.600408 0.357669 0.272843
1413393899.155760527 2.556514 -0.018555 0.509429 0.663939 -0.575353 0.358359 0.315805
1413393899.255760431 2.576207 -0.074743 0.550230 0.637193 -0.534570 0.405924 0.378743
1413393899.355760574 2.603927 -0.132801 0.593061 0.592934 -0.493228 0.469074 0.430261
1413393899.455760479 2.628798 -0.170025 0.637397 0.554813 -0.462834 0.519211 0.456495
1413393899.555760384 2.656744 -0.183907 0.675467 0.518688 -0.443698 0.564071 0.464671
1413393899.655760527 2.672883 -0.154341 0.709316 0.503051 -0.442724 0.589728 0.450728
1413393899.755760431 2.680102 -0.098661 0.727672 0.524296 -0.470063 0.580107 0.409426
1413393899.855760574 2.670910 -0.007990 0.736927 0.561660 -0.511876 0.545766 0.353073
1413393899.955760479 2.644181 0.094332 0.737945 0.603446 -0.557507 0.491053 0.289665
1413393900.055760384 2.601299 0.189410 0.736373 0.630786 -0.590334 0.438874 0.246992
1413393900.155760527 2.542120 0.261241 0.734783 0.647609 -0.603892 0.399634 0.237086
1413393900.255760431 2.472947 0.309595 0.731921 0.663157 -0.600956 0.368210 0.251985
1413393900.355760574 2.398880 0.316990 0.728400 0.674247 -0.580775 0.352088 0.290042
1413393900.455760479 2.335415 0.313474 0.719543 0.663337 -0.556034 0.364813 0.343107
1413393900.555760384 2.276570 0.272690 0.706663 0.639493 -0.527180 0.399141 0.392194
1413393900.655760527 2.219784 0.244825 0.687560 0.604131 -0.493419 0.449167 0.435675
1413393900.755760431 2.173785 0.222179 0.655510 0.568422 -0.470051 0.492508 0.461936
1413393900.855760574 2.126496 0.227977 0.623710 0.548061 -0.466876 0.519283 0.460436
1413393900.955760479 2.090000 0.245851 0.583156 0.552640 -0.488789 0.518946 0.431705
1413393901.055760384 2.043142 0.297179 0.548760 0.569958 -0.521887 0.501945 0.388371
1413393901.155760527 1.989104 0.364381 0.518701 0.602275 -0.549262 0.458714 0.353777
1413393901.255760431 1.928281 0.422919 0.491494 0.634991 -0.562668 0.409014 0.336005
1413393901.355760574 1.869985 0.469786 0.474141 0.654757 -0.568353 0.374759 0.328365
1413393901.455760479 1.815575 0.494208 0.462127 0.665439 -0.572752 0.353732 0.322520
1413393901.555760384 1.769298 0.496357 0.455343 0.673236 -0.571632 0.339138 0.324000
1413393901.655760527 1.734954 0.470151 0.453409 0.675882 -0.559131 0.337326 0.341712
1413393901.755760431 1.709000 0.419350 0.461529 0.666100 -0.533757 0.359738 0.376833
1413393901.855760574 1.698190 0.354267 0.471025 0.647485 -0.516202 0.393024 0.399788
1413393901.955760479 1.700015 0.286568 0.478414 0.635794 -0.517101 0.409164 0.401195
1413393902.055760384 1.709184 0.217367 0.485685 0.632272 -0.521004 0.413075 0.397689
1413393902.155760527 1.716472 0.148072 0.493687 0.631999 -0.521018 0.414019 0.397122
1413393902.255760431 1.742565 0.076010 0.503504 0.632067 -0.520803 0.412905 0.398453
1413393902.355760574 1.774989 0.002991 0.512349 0.632311 -0.520248 0.412238 0.399480
1413393902.455760479 1.815187 -0.067770 0.513689 0.630081 -0.517451 0.415254 0.403493
1413393902.555760384 1.863161 -0.138925 0.511421 0.627472 -0.515228 0.418898 0.406624
1413393902.655760527 1.920489 -0.207411 0.516056 0.627720 -0.516458 0.418276 0.405319
1413393902.755760431 1.987485 -0.275685 0.534204 0.628127 -0.518633 0.417381 0.402827
1413393902.855760574 2.061689 -0.342535 0.563362 0.625177 -0.530937 0.421032 0.387287
1413393902.955760479 2.141589 -0.413347 0.595499 0.622774 -0.550586 0.422794 0.360906
1413393903.055760384 2.218735 -0.487066 0.628933 0.618797 -0.564885 0.425439 0.342047
1413393903.155760527 2.289983 -0.571988 0.665931 0.615808 -0.562291 0.428877 0.347381
1413393903.255760431 2.355623 -0.663972 0.701066 0.612659 -0.554381 0.431137 0.362535
1413393903.355760574 2.416714 -0.760479 0.731479 0.606419 -0.553318 0.427824 0.378235
1413393903.455760479 2.476657 -0.859334 0.749461 0.590608 -0.565178 0.421587 0.392456
1413393903.555760384 2.529962 -0.953270 0.745809 -0.566396 0.584642 -0.417312 -0.404030
1413393903.655760527 2.580284 -1.044218 0.734302 -0.534656 0.600574 -0.421727 -0.419047
1413393903.755760431 2.624685 -1.132305 0.722585 -0.506445 0.616038 -0.423010 -0.430201
1413393903.855760574 2.660490 -1.214557 0.712805 -0.486158 0.633545 -0.420850 -0.430298
1413393903.955760479 2.689004 -1.291883 0.706903 -0.469970 0.649250 -0.420193 -0.425488
1413393904.055760384 2.705240 -1.360332 0.705556 -0.461218 0.658082 -0.417087 -0.424552
1413393904.155760527 2.707638 -1.419934 0.699202 -0.462031 0.659757 -0.407858 -0.430000
1413393904.255760431 2.699180 -1.474922 0.687709 -0.468620 0.660112 -0.395195 -0.434129
1413393904.355760574 2.682393 -1.521898 0.690280 -0.471796 0.657585 -0.388854 -0.440209
1413393904.455760479 2.653472 -1.561960 0.709735 -0.469892 0.658797 -0.384505 -0.444234
1413393904.555760384 2.614326 -1.602868 0.745271 -0.465105 0.661721 -0.375078 -0.452901
1413393904.655760527 2.566844 -1.638008 0.779095 -0.471495 0.670456 -0.339454 -0.461467
1413393904.755760431 2.515755 -1.671118 0.802216 -0.473164 0.686640 -0.300027 -0.463276
1413393904.855760574 2.465020 -1.709653 0.818134 -0.465055 0.701268 -0.269795 -0.468143
1413393904.955760479 2.416170 -1.760493 0.828663 -0.445473 0.707870 -0.253842 -0.485838
1413393905.055760384 2.369649 -1.823299 0.833486 0.416620 -0.708157 0.248035 0.513244
1413393905.155760527 2.328361 -1.889530 0.824934 0.387106 -0.712122 0.240434 0.534062
1413393905.255760431 2.294068 -1.958724 0.803886 0.355583 -0.721466 0.234834 0.545803
1413393905.355760574 2.266515 -2.028753 0.780122 0.323722 -0.733387 0.228331 0.552460
1413393905.455760479 2.242540 -2.098900 0.759472 0.295255 -0.744769 0.217841 0.557395
1413393905.555760384 2.223583 -2.167072 0.742712 0.265563 -0.757882 0.207006 0.558783
1413393905.655760527 2.206716 -2.230764 0.728255 0.231799 -0.773091 0.199978 0.555525
1413393905.755760431 2.190283 -2.287711 0.717804 0.196489 -0.783472 0.194352 0.556589
1413393905.855760574 2.172231 -2.334596 0.711475 0.161753 -0.796013 0.190687 0.551214
1413393905.955760479 2.146242 -2.371229 0.705748 0.133308 -0.813014 0.181517 0.536925
1413393906.055760384 2.109191 -2.395879 0.706702 0.115690 -0.824298 0.159058 0.530895
1413393906.155760527 2.059909 -2.410333 0.712651 0.111608 -0.824657 0.121972 0.540932
1413393906.255760431 2.002341 -2.420237 0.712674 0.108849 -0.814526 0.087677 0.563039
1413393906.355760574 1.940707 -2.430635 0.701523 0.102821 -0.804202 0.062738 0.582023
1413393906.455760479 1.882171 -2.441498 0.677929 0.092641 -0.798898 0.048502 0.592306
1413393906.555760384 1.829501 -2.455165 0.642695 0.077379 -0.796648 0.042119 0.597988
1413393906.655760527 1.780702 -2.470748 0.595829 0.054935 -0.796257 0.046016 0.600699
1413393906.755760431 1.736144 -2.484866 0.547807 0.029194 -0.797105 0.061798 0.599960
1413393906.855760574 1.696674 -2.493580 0.503793 0.012228 -0.793882 0.070925 0.603798
1413393906.955760479 1.661625 -2.493407 0.463242 0.006691 -0.789236 0.069829 0.610070
1413393907.055760384 1.629757 -2.484544 0.423789 0.012320 -0.788603 0.058103 0.612027
1413393907.155760527 1.608179 -2.469435 0.386721 0.024080 -0.791713 0.039009 0.609170
1413393907.255760431 1.591398 -2.451222 0.347738 0.039847 -0.794253 0.014349 0.606110
1413393907.355760574 1.580198 -2.436389 0.314011 0.061071 -0.795230 -0.017646 0.602966
1413393907.455760479 1.574663 -2.432240 0.286136 0.062857 -0.799336 -0.023191 0.597138
1413393907.555760384 1.572960 -2.441519 0.274626 0.047053 -0.802471 -0.001756 0.594830
1413393907.655760527 1.572095 -2.457220 0.275931 0.034114 -0.803077 0.016760 0.594661
1413393907.755760431 1.573727 -2.473953 0.269853 0.027230 -0.806479 0.025965 0.590064
1413393907.855760574 1.577392 -2.489244 0.245779 0.023384 -0.804477 0.029951 0.592768
1413393907.955760479 1.583428 -2.502342 0.199103 0.023199 -0.799809 0.029292 0.599090
1413393908.055760384 1.593013 -2.513120 0.143929 0.026980 -0.796901 0.021107 0.603138
1413393908.155760527 1.608403 -2.523332 0.094866 0.029244 -0.801354 0.014903 0.597290
1413393908.255760431 1.627529 -2.534351 0.060223 0.030332 -0.804432 0.011009 0.593167
1413393908.355760574 1.651381 -2.546362 0.037068 0.029356 -0.796630 0.011179 0.603650
1413393908.455760479 1.677986 -2.559906 0.017663 0.027272 -0.795232 0.012714 0.605558
1413393908.555760384 1.707330 -2.575292 -0.003062 0.025290 -0.799968 0.012482 0.599380
1413393908.655760527 1.739258 -2.591710 -0.021858 0.018571 -0.806090 0.018574 0.591210
1413393908.755760431 1.772619 -2.606240 -0.038486 -0.004579 -0.807622 0.048698 0.587669
1413393908.855760574 1.806746 -2.610753 -0.042180 -0.018786 -0.798666 0.066076 0.597841
1413393908.955760479 1.843241 -2.602468 -0.032461 -0.006502 -0.793802 0.045464 0.606440
1413393909.055760384 1.884047 -2.586842 -0.015882 0.009330 -0.798353 0.018266 0.601841
1413393909.155760527 1.930945 -2.570222 0.007359 0.017677 -0.802573 -0.000251 0.596291
1413393909.255760431 1.980135 -2.555497 0.028997 0.019076 -0.802826 -0.009029 0.595840
1413393909.355760574 2.032760 -2.544147 0.043188 0.019191 -0.801943 -0.015999 0.596878
1413393909.455760479 2.085787 -2.535770 0.045687 0.017040 -0.802697 -0.019040 0.595839
1413393909.555760384 2.146439 -2.530233 0.038571 0.014365 -0.805120 -0.019565 0.592615
1413393909.655760527 2.202730 -2.529670 0.017308 0.011365 -0.815114 -0.021499 0.578789
1413393909.755760431 2.261623 -2.530729 -0.012080 0.007531 -0.828273 -0.024754 0.559728
1413393909.855760574 2.316367 -2.536783 -0.049744 0.002589 -0.837805 -0.027698 0.545260
1413393909.955760479 2.360044 -2.545840 -0.094467 -0.002164 -0.845145 -0.030959 0.533636
1413393910.055760384 2.389877 -2.560998 -0.140621 -0.006406 -0.850917 -0.033933 0.524165
1413393910.155760527 2.403272 -2.579685 -0.176121 -0.013587 -0.855595 -0.032475 0.516447
1413393910.255760431 2.394922 -2.603457 -0.194066 -0.017946 -0.858874 -0.032366 0.510849
1413393910.355760574 2.363759 -2.629765 -0.197164 -0.024516 -0.864231 -0.028894 0.501666
1413393910.455760479 2.312402 -2.658283 -0.187098 0.037911 0.870410 0.014862 -0.490641
1413393910.555760384 2.239888 -2.682808 -0.174757 0.044793 0.873531 0.002547 -0.484697
1413393910.655760527 2.147709 -2.702303 -0.169305 0.042630 0.869205 -0.003446 -0.492599
1413393910.755760431 2.038418 -2.715501 -0.173121 -0.039799 -0.860223 0.011588 0.508231
1413393910.855760574 1.914549 -2.722699 -0.186735 -0.029896 -0.851828 0.014402 0.522769
1413393910.955760479 1.777671 -2.725200 -0.205969 -0.015938 -0.839925 0.015039 0.542260
1413393911.055760384 1.633717 -2.723624 -0.232246 -0.001301 -0.827169 0.018171 0.561657
1413393911.155760527 1.487464 -2.720381 -0.263933 0.010530 -0.819143 0.024391 0.572974
1413393911.255760431 1.340782 -2.715242 -0.296371 0.020671 -0.814362 0.026688 0.579375
1413393911.355760574 1.198348 -2.706756 -0.327116 0.027354 -0.806453 0.026607 0.590065
1413393911.455760479 1.059827 -2.697182 -0.354082 0.032484 -0.793634 0.021533 0.607146
1413393911.555760384 0.931214 -2.688549 -0.375783 0.035461 -0.786699 0.014685 0.616143
1413393911.655760527 0.815446 -2.683142 -0.381841 0.035109 -0.780132 0.010542 0.624540
1413393911.755760431 0.714206 -2.681454 -0.373301 0.032574 -0.782877 0.005642 0.621297
1413393911.855760574 0.626207 -2.686085 -0.351630 0.029337 -0.797735 0.002210 0.602289
1413393911.955760479 0.544947 -2.695160 -0.317518 0.012877 -0.817169 0.017476 0.575990
1413393912.055760384 0.460063 -2.704559 -0.268329 -0.004322 -0.840400 0.032730 0.540961
1413393912.155760527 0.364669 -2.708927 -0.205017 -0.015137 -0.855657 0.038719 0.515871
1413393912.255760431 0.256336 -2.705366 -0.139508 -0.020978 -0.864123 0.038416 0.501373
1413393912.355760574 0.130154 -2.693807 -0.073062 0.024931 0.865059 -0.036131 -0.499746
1413393912.455760479 -0.016298 -2.674025 -0.002205 -0.026980 -0.853333 0.032889 0.519628
1413393912.555760384 -0.174089 -2.647313 0.065170 -0.026053 -0.836354 0.030197 0.546737
1413393912.655760527 -0.338097 -2.616329 0.119235 -0.022063 -0.824382 0.027089 0.564954
1413393912.755760431 -0.501984 -2.580558 0.159069 -0.015582 -0.813706 0.021795 0.580658
1413393912.855760574 -0.664841 -2.540498 0.187528 -0.012367 -0.805885 0.012596 0.591809
1413393912.955760479 -0.818483 -2.495002 0.207222 -0.018549 -0.802579 0.001891 0.596254
1413393913.055760384 -0.970057 -2.446562 0.216844 -0.039440 -0.800868 -0.001944 0.597538
1413393913.155760527 -1.115889 -2.399638 0.215884 -0.068994 -0.793898 -0.006031 0.604093
1413393913.255760431 -1.246758 -2.341029 0.212142 -0.102107 -0.785900 -0.010776 0.609769
1413393913.355760574 -1.370525 -2.278197 0.198600 -0.136370 -0.782358 -0.022581 0.607297
1413393913.455760479 -1.482311 -2.207346 0.181953 -0.174065 -0.775936 -0.034979 0.605310
1413393913.555760384 -1.578033 -2.124601 0.171609 -0.209071 -0.763002 -0.056379 0.609048
1413393913.655760527 -1.660991 -2.030258 0.170199 -0.239413 -0.746739 -0.086851 0.614426
1413393913.755760431 -1.724900 -1.925564 0.179296 -0.267518 -0.729978 -0.119585 0.617467
1413393913.855760574 -1.770413 -1.816505 0.192452 -0.296240 -0.714650 -0.148922 0.615905
1413393913.955760479 -1.790634 -1.709149 0.207538 -0.324620 -0.701816 -0.175569 0.609304
1413393914.055760384 -1.790772 -1.603213 0.228906 -0.344700 -0.687207 -0.213928 0.602630
1413393914.155760527 -1.776367 -1.502137 0.252887 -0.362772 -0.679510 -0.256191 0.583977
1413393914.255760431 -1.743226 -1.411640 0.275644 -0.387518 -0.681422 -0.287811 0.550144
1413393914.355760574 -1.704565 -1.331028 0.286627 -0.415801 -0.676700 -0.310629 0.522203
1413393914.455760479 -1.668267 -1.255172 0.310946 -0.446421 -0.665906 -0.325229 0.501501
1413393914.555760384 -1.631310 -1.182842 0.339039 0.476161 0.650070 0.334386 -0.488738
1413393914.655760527 -1.595852 -1.113434 0.369717 0.502357 0.630889 0.344087 -0.480853
1413393914.755760431 -1.555146 -1.047210 0.400980 0.530861 0.610050 0.349601 -0.473079
1413393914.855760574 -1.509205 -0.981140 0.431806 0.558025 0.592405 0.353923 -0.460872
1413393914.955760479 -1.457775 -0.916134 0.462006 0.573326 0.586366 0.365978 -0.439922
1413393915.055760384 -1.402610 -0.848803 0.489489 0.582732 0.587723 0.376013 -0.416676
1413393915.155760527 -1.346922 -0.773052 0.517959 0.588198 0.589581 0.381506 -0.401086
1413393915.255760431 -1.291748 -0.692536 0.541537 0.590415 0.590282 0.385020 -0.393366
1413393915.355760574 -1.241260 -0.606035 0.557000 0.584370 0.592495 0.390235 -0.393926
1413393915.455760479 -1.196648 -0.517034 0.565184 0.563161 0.600835 0.404163 -0.398120
1413393915.555760384 -1.157624 -0.422588 0.575347 0.542239 0.609093 0.414618 -0.403824
1413393915.655760527 -1.125861 -0.327654 0.585206 0.532586 0.611801 0.411946 -0.415152
1413393915.755760431 -1.101965 -0.235256 0.596771 0.524778 0.615624 0.410267 -0.421066
1413393915.855760574 -1.084704 -0.144778 0.608389 0.517539 0.621386 0.410669 -0.421170
1413393915.955760479 -1.075485 -0.058980 0.620542 0.512676 0.625759 0.410293 -0.421008
1413393916.055760384 -1.076029 0.023009 0.633708 0.505866 0.628013 0.414413 -0.421855
1413393916.155760527 -1.086144 0.100979 0.650218 0.499622 0.628802 0.420507 -0.422090
1413393916.255760431 -1.107168 0.173474 0.666325 0.503166 0.621416 0.422346 -0.426955
1413393916.355760574 -1.135647 0.240849 0.681701 0.519829 0.607549 0.418921 -0.430310
1413393916.455760479 -1.168470 0.303880 0.700134 0.542437 0.592059 0.418546 -0.424320
1413393916.555760384 -1.203145 0.358294 0.721010 0.566997 0.572886 0.424498 -0.412453
1413393916.655760527 -1.239149 0.408333 0.742165 0.595759 0.552780 0.432590 -0.390349
1413393916.755760431 -1.276628 0.456115 0.764350 0.626702 0.528502 0.440967 -0.365346
1413393916.855760574 -1.315497 0.502186 0.785395 0.651434 0.497794 0.457112 -0.344794
1413393916.955760479 -1.354663 0.551005 0.808568 0.674781 0.460890 0.472015 -0.330835
1413393917.055760384 -1.392456 0.599995 0.835122 0.697235 0.415398 0.485305 -0.325248
1413393917.155760527 -1.427246 0.645301 0.862488 0.716614 0.372517 0.498989 -0.314175
1413393917.255760431 -1.455757 0.686967 0.889942 0.735942 0.333324 0.508181 -0.298390
1413393917.355760574 -1.479621 0.722065 0.915086 0.757718 0.299926 0.511156 -0.273179
1413393917.455760479 -1.495861 0.747929 0.934313 0.778170 0.262423 0.513969 -0.247832
1413393917.555760384 -1.503693 0.769395 0.943727 0.796703 0.223410 0.516902 -0.219466
1413393917.655760527 -1.502684 0.783093 0.945154 0.811935 0.187140 0.522111 -0.182045
1413393917.755760431 -1.491802 0.791562 0.938030 0.818886 0.150876 0.535200 -0.142208
1413393917.855760574 -1.475520 0.797337 0.929347 0.816947 0.110545 0.555717 -0.107505
1413393917.955760479 -1.455684 0.801856 0.919645 0.817268 0.064743 0.566684 -0.082161
1413393918.055760384 -1.433751 0.802672 0.914079 0.818116 0.018557 0.571601 -0.060123
1413393918.155760527 -1.410376 0.796701 0.911026 0.819295 -0.025498 0.571544 -0.037999
1413393918.255760431 -1.385217 0.783664 0.910065 0.820357 -0.068839 0.567442 -0.016913
1413393918.355760574 -1.358223 0.759493 0.910765 0.818344 -0.110813 0.563921 0.005156
1413393918.455760479 -1.329815 0.724582 0.912698 0.814502 -0.150806 0.559365 0.030896
1413393918.555760384 -1.300642 0.678121 0.917068 0.807955 -0.193009 0.553782 0.057287
1413393918.655760527 -1.270946 0.618995 0.922543 0.794089 -0.234775 0.553370 0.089923
1413393918.755760431 -1.243132 0.549144 0.929708 0.774211 -0.282054 0.553904 0.119301
1413393918.855760574 -1.219971 0.470981 0.937760 0.746037 -0.335043 0.556550 0.146383
1413393918.955760479 -1.205636 0.382975 0.948044 0.711790 -0.380203 0.559448 0.189257
1413393919.055760384 -1.203799 0.289672 0.959279 0.678688 -0.419465 0.553490 0.238916
1413393919.155760527 -1.215644 0.196297 0.971055 0.646194 -0.458075 0.540696 0.283281
1413393919.255760431 -1.238637 0.108526 0.985821 0.608581 -0.494033 0.530468 0.322745
1413393919.355760574 -1.272320 0.030070 0.999720 0.565288 -0.524288 0.525810 0.359299
1413393919.455760479 -1.318813 -0.034282 1.001655 -0.526066 0.553620 -0.521413 -0.380641
1413393919.555760384 -1.376507 -0.087851 0.990140 -0.499146 0.582997 -0.508566 -0.390292
1413393919.655760527 -1.446474 -0.128177 0.971799 -0.478813 0.605440 -0.492800 -0.401658
1413393919.755760431 -1.528888 -0.156058 0.946334 -0.467174 0.611609 -0.477767 -0.423582
1413393919.855760574 -1.619047 -0.167711 0.914517 -0.466296 0.602838 -0.459380 -0.456206
1413393919.955760479 -1.713485 -0.160485 0.872572 -0.474027 0.594432 -0.439229 -0.478568
1413393920.055760384 -1.804584 -0.138947 0.818982 -0.484550 0.594066 -0.423052 -0.483036
1413393920.155760527 -1.890678 -0.104444 0.758563 -0.492752 0.594953 -0.413919 -0.481557
1413393920.255760431 -1.973815 -0.060157 0.691709 -0.498786 0.595344 -0.409430 -0.478691
1413393920.355760574 -2.053123 -0.003706 0.625796 -0.504923 0.595498 -0.406250 -0.474758
1413393920.455760479 -2.128956 0.059956 0.562756 -0.515479 0.602187 -0.397063 -0.462593
1413393920.555760384 -2.201451 0.128782 0.504078 -0.525861 0.607475 -0.387977 -0.451574
1413393920.655760527 -2.270108 0.197645 0.449511 -0.533742 0.608226 -0.382679 -0.445801
1413393920.755760431 -2.334815 0.265975 0.398513 -0.538556 0.606203 -0.380674 -0.444480
1413393920.855760574 -2.394936 0.333730 0.348057 -0.542315 0.604850 -0.378797 -0.443354
1413393920.955760479 -2.450421 0.399256 0.297782 -0.550700 0.606666 -0.369843 -0.438066
1413393921.055760384 -2.498866 0.461420 0.247976 -0.561097 0.614001 -0.355273 -0.426560
1413393921.155760527 -2.541734 0.515415 0.200741 -0.569264 0.619728 -0.343796 -0.416750
1413393921.255760431 -2.579651 0.556883 0.159578 -0.574948 0.621242 -0.335895 -0.413119
1413393921.355760574 -2.612496 0.585387 0.121082 -0.575850 0.622995 -0.334729 -0.410158
1413393921.455760479 -2.638468 0.601896 0.089131 -0.570037 0.621224 -0.343366 -0.413809
1413393921.555760384 -2.661651 0.605138 0.062366 -0.560228 0.612808 -0.359607 -0.425785
1413393921.655760527 -2.680678 0.601166 0.035098 -0.552546 0.606235 -0.370225 -0.436010
1413393921.755760431 -2.695067 0.596403 -0.001275 -0.547948 0.603406 -0.375109 -0.441529
1413393921.855760574 -2.705463 0.589439 -0.047654 -0.543809 0.599622 -0.379697 -0.447835
1413393921.955760479 -2.711100 0.582315 -0.099015 -0.535419 0.592358 -0.389123 -0.459371
1413393922.055760384 -2.712661 0.578480 -0.152090 -0.532959 0.591896 -0.390356 -0.461776
1413393922.155760527 -2.709107 0.578224 -0.206485 -0.538233 0.599800 -0.380651 -0.453487
1413393922.255760431 -2.701780 0.580538 -0.263693 -0.549513 0.615907 -0.360886 -0.434114
1413393922.355760574 -2.691045 0.578725 -0.319480 -0.558372 0.631482 -0.343748 -0.413871
1413393922.455760479 -2.678319 0.564621 -0.370353 -0.560093 0.643367 -0.336922 -0.398569
1413393922.555760384 -2.665992 0.535685 -0.414700 -0.547760 0.649810 -0.351741 -0.392408
1413393922.655760527 -2.658606 0.492813 -0.454318 -0.531557 0.650575 -0.373779 -0.393050
1413393922.755760431 -2.657969 0.442375 -0.491293 -0.523050 0.648670 -0.386385 -0.395415
1413393922.855760574 -2.665863 0.386691 -0.526574 -0.526765 0.647218 -0.382515 -0.396623
1413393922.955760479 -2.680422 0.323599 -0.553248 -0.538338 0.646320 -0.366361 -0.397796
1413393923.055760384 -2.701481 0.254133 -0.566756 -0.552499 0.642260 -0.345068 -0.403950
1413393923.155760527 -2.722957 0.169195 -0.567103 -0.559414 0.640970 -0.332462 -0.407042
1413393923.255760431 -2.743217 0.066365 -0.555815 -0.560233 0.639922 -0.329505 -0.409957
1413393923.355760574 -2.760602 -0.051104 -0.541734 -0.548762 0.642368 -0.347128 -0.407095
1413393923.455760479 -2.777973 -0.179623 -0.526304 -0.536048 0.643500 -0.378735 -0.393853
1413393923.555760384 -2.800214 -0.314229 -0.509235 -0.534944 0.630918 -0.411272 -0.382926
1413393923.655760527 -2.832050 -0.451649 -0.492363 -0.553743 0.605342 -0.433389 -0.372966
1413393923.755760431 -2.869242 -0.587466 -0.471302 0.589682 -0.569950 0.439433 0.366512
1413393923.855760574 -2.912771 -0.723093 -0.454790 0.627053 -0.534999 0.443744 0.351670
1413393923.955760479 -2.958600 -0.857154 -0.438003 0.658539 -0.501377 0.451960 0.332687
1413393924.055760384 -3.005122 -0.993089 -0.426760 0.685891 -0.471444 0.458900 0.310975
1413393924.155760527 -3.048329 -1.133047 -0.411403 0.712762 -0.436477 0.459733 0.300173
1413393924.255760431 -3.084921 -1.277396 -0.394955 0.736934 -0.390722 0.458863 0.306121
1413393924.355760574 -3.110469 -1.418847 -0.377893 0.755871 -0.347830 0.456368 0.315279
1413393924.455760479 -3.119112 -1.554507 -0.358553 0.769261 -0.311507 0.450886 0.328484
1413393924.555760384 -3.105613 -1.676862 -0.333860 0.775919 -0.284664 0.448489 0.340255
1413393924.655760527 -3.067452 -1.781458 -0.302124 0.773591 -0.262348 0.454568 0.355103
1413393924.755760431 -3.000983 -1.862893 -0.258232 0.765933 -0.245785 0.464604 0.370242
1413393924.855760574 -2.903879 -1.916130 -0.201775 0.759790 -0.250672 0.471906 0.370389
1413393924.955760479 -2.777759 -1.940529 -0.129040 0.756729 -0.284251 0.481275 0.339024
1413393925.055760384 -2.630889 -1.942710 -0.040546 0.754492 -0.316053 0.491694 0.298478
1413393925.155760527 -2.471817 -1.932320 0.060839 0.754808 -0.336465 0.500410 0.258159
1413393925.255760431 -2.305087 -1.922637 0.163591 0.760171 -0.348300 0.506441 0.210584
1413393925.355760574 -2.138286 -1.915456 0.267707 0.768055 -0.343523 0.510367 0.177787
1413393925.455760479 -1.971092 -1.923257 0.374665 0.773619 -0.326035 0.515864 0.170586
1413393925.555760384 -1.805564 -1.942043 0.480717 0.775685 -0.309616 0.522890 0.170405
1413393925.655760527 -1.640084 -1.970951 0.576849 0.776058 -0.300161 0.528828 0.167268
1413393925.755760431 -1.474447 -2.004103 0.649158 0.777004 -0.291734 0.531735 0.168564
1413393925.855760574 -1.313004 -2.043539 0.685651 0.775152 -0.285427 0.537096 0.170876
1413393925.955760479 -1.153826 -2.085040 0.700560 0.769007 -0.279265 0.547464 0.175846
1413393926.055760384 -1.003844 -2.127429 0.691664 0.757169 -0.274955 0.564516 0.180043
1413393926.155760527 -0.857683 -2.167439 0.684520 0.745804 -0.273949 0.579815 0.180397
1413393926.255760431 -0.724891 -2.207620 0.676391 0.742618 -0.276633 0.583694 0.176898
1413393926.355760574 -0.597240 -2.247182 0.672620 0.747097 -0.281824 0.577003 0.171726
1413393926.455760479 -0.482497 -2.285520 0.672231 0.753566 -0.279694 0.570566 0.168415
1413393926.555760384 -0.373664 -2.320445 0.673770 0.752807 -0.269258 0.576510 0.168574
1413393926.655760527 -0.275252 -2.356074 0.656335 0.752980 -0.252748 0.584006 0.167560
1413393926.755760431 -0.185032 -2.387680 0.637936 0.758242 -0.233786 0.586736 0.161723
1413393926.855760574 -0.103414 -2.415247 0.631522 0.766622 -0.215229 0.586267 0.149188
1413393926.955760479 -0.028620 -2.438397 0.640985 0.779938 -0.198181 0.578944 0.131319
1413393927.055760384 0.040548 -2.461554 0.665713 0.795054 -0.186859 0.566178 0.111427
1413393927.155760527 0.109811 -2.489405 0.702737 0.803783 -0.183327 0.558881 0.089312
1413393927.255760431 0.177889 -2.523362 0.742673 0.808858 -0.184415 0.554072 0.068869
1413393927.355760574 0.246996 -2.565468 0.782844 0.819206 -0.178186 0.541947 0.058694
1413393927.455760479 0.320651 -2.618606 0.826158 0.826234 -0.155811 0.537098 0.067726
1413393927.555760384 0.401734 -2.677321 0.872556 0.826800 -0.126500 0.541031 0.087665
1413393927.655760527 0.490351 -2.735062 0.920988 0.825290 -0.094354 0.546875 0.104508
1413393927.755760431 0.586146 -2.785684 0.971631 0.818355 -0.061470 0.558779 0.119513
1413393927.855760574 0.688016 -2.824153 1.024648 0.809359 -0.036858 0.571268 0.131274
1413393927.955760479 0.793757 -2.844965 1.079004 0.803711 -0.027138 0.579636 0.131661
1413393928.055760384 0.898241 -2.848829 1.126624 0.800164 -0.021858 0.584450 0.132957
1413393928.155760527 1.000029 -2.835007 1.168151 0.797086 -0.019291 0.588406 0.134388
1413393928.255760431 1.098293 -2.802498 1.200731 0.798401 -0.023307 0.587355 0.130482
1413393928.355760574 1.194600 -2.752304 1.227063 0.801392 -0.043552 0.587352 0.104360
1413393928.455760479 1.287093 -2.689184 1.246949 0.798375 -0.065465 0.593651 0.076753
1413393928.555760384 1.373334 -2.620079 1.259588 0.791782 -0.081429 0.602512 0.058563
1413393928.655760527 1.451294 -2.549180 1.268157 0.780306 -0.089747 0.616803 0.051209
1413393928.755760431 1.515780 -2.478588 1.277429 0.776816 -0.092309 0.620598 0.053785
1413393928.855760574 1.561830 -2.408675 1.287232 0.777224 -0.087919 0.619237 0.068839
1413393928.955760479 1.601792 -2.336453 1.298628 0.777621 -0.083822 0.616518 0.090466
1413393929.055760384 1.630125 -2.260531 1.310718 0.778673 -0.090698 0.610831 0.111027
1413393929.155760527 1.651712 -2.178731 1.325559 0.777985 -0.105382 0.605451 0.130624
1413393929.255760431 1.666511 -2.089450 1.341808 0.779027 -0.129313 0.595570 0.147278
1413393929.355760574 1.677497 -1.991277 1.360480 0.779145 -0.163371 0.584291 0.157631
1413393929.455760479 1.681862 -1.886209 1.382088 0.775281 -0.201056 0.574634 0.168260
1413393929.555760384 1.682946 -1.777876 1.405698 0.770636 -0.236876 0.561951 0.184993
1413393929.655760527 1.682413 -1.669272 1.431596 0.763481 -0.270141 0.549195 0.206168
1413393929.755760431 1.682857 -1.560257 1.459652 0.753267 -0.302756 0.538341 0.226088
1413393929.855760574 1.681601 -1.449085 1.488758 0.738614 -0.341161 0.531473 0.235784
1413393929.955760479 1.681445 -1.339506 1.518934 0.719037 -0.382527 0.529722 0.236757
1413393930.055760384 1.677541 -1.233217 1.546690 0.700226 -0.418596 0.525947 0.240502
1413393930.155760527 1.668824 -1.132421 1.566103 0.684984 -0.444958 0.520954 0.247823
1413393930.255760431 1.652134 -1.038770 1.576583 0.675844 -0.458887 0.516011 0.257662
1413393930.355760574 1.629083 -0.950160 1.577129 0.676528 -0.458024 0.505688 0.277135
1413393930.455760479 1.600768 -0.867204 1.565477 0.683526 -0.448548 0.492520 0.298364
1413393930.555760384 1.572626 -0.786216 1.535259 0.687443 -0.441951 0.486045 0.309616
1413393930.655760527 1.545666 -0.707104 1.482375 0.683263 -0.442311 0.493328 0.306823
1413393930.755760431 1.518996 -0.628670 1.413044 0.676689 -0.442734 0.505149 0.301502
1413393930.855760574 1.491090 -0.554994 1.342713 0.673049 -0.440610 0.514100 0.297607
1413393930.955760479 1.457437 -0.482869 1.281877 0.676338 -0.436687 0.514004 0.296093
1413393931.055760384 1.418539 -0.411790 1.238236 0.680232 -0.434451 0.512322 0.293366
1413393931.155760527 1.375406 -0.339275 1.213486 0.683200 -0.434040 0.511457 0.288546
1413393931.255760431 1.327677 -0.267227 1.199846 0.686987 -0.435442 0.508880 0.281924
1413393931.355760574 1.278651 -0.201977 1.179928 0.688556 -0.438985 0.508329 0.273469
1413393931.455760479 1.227044 -0.142163 1.151552 0.688239 -0.443678 0.510257 0.262896
1413393931.555760384 1.170845 -0.090866 1.114720 0.687306 -0.446624 0.512950 0.254989
1413393931.655760527 1.109878 -0.042958 1.066917 0.687632 -0.447145 0.514040 0.250971
1413393931.755760431 1.045412 -0.004090 1.014499 0.688396 -0.445857 0.514658 0.249898
1413393931.855760574 0.973628 0.026631 0.956249 0.689895 -0.443485 0.514383 0.250551
1413393931.955760479 0.894262 0.047987 0.900208 0.691532 -0.440839 0.514123 0.251240
1413393932.055760384 0.809544 0.062749 0.848431 0.694782 -0.436767 0.511581 0.254555
1413393932.155760527 0.722963 0.068125 0.803555 0.700618 -0.430762 0.505203 0.261435
1413393932.255760431 0.635317 0.067864 0.761802 0.707288 -0.421886 0.496976 0.273443
1413393932.355760574 0.547648 0.064839 0.722934 0.712688 -0.414507 0.489479 0.284023
1413393932.455760479 0.464554 0.057177 0.686620 0.716003 -0.410784 0.484080 0.290280
1413393932.555760384 0.386801 0.047334 0.653727 0.716931 -0.408442 0.481335 0.295806
1413393932.655760527 0.317021 0.035168 0.626246 0.713649 -0.406194 0.484561 0.301517
1413393932.755760431 0.254198 0.022728 0.601405 0.709987 -0.405914 0.488137 0.304753
1413393932.855760574 0.196955 0.009504 0.580770 0.707716 -0.404855 0.489431 0.309334
1413393932.955760479 0.145980 -0.003053 0.563405 0.703278 -0.401653 0.493633 0.316861
1413393933.055760384 0.102267 -0.011427 0.551359 0.693305 -0.393690 0.507941 0.326088
1413393933.155760527 0.062937 -0.012101 0.540971 0.684421 -0.388026 0.521186 0.330708
1413393933.255760431 0.026509 -0.003548 0.533215 0.678822 -0.391444 0.530051 0.324066
1413393933.355760574 -0.010976 0.015453 0.529500 0.672329 -0.401611 0.539986 0.308380
1413393933.455760479 -0.052818 0.044215 0.530409 0.669262 -0.416718 0.544282 0.286691
1413393933.555760384 -0.102944 0.075328 0.529508 0.671655 -0.433393 0.540891 0.261700
1413393933.655760527 -0.161545 0.104238 0.524139 0.675980 -0.442939 0.533434 0.249609
1413393933.755760431 -0.229639 0.129792 0.512266 0.685182 -0.437937 0.521000 0.259416
1413393933.855760574 -0.303736 0.152475 0.492694 0.694594 -0.429051 0.508327 0.273967
1413393933.955760479 -0.378763 0.172393 0.467656 0.698010 -0.422536 0.503427 0.284265
1413393934.055760384 -0.453899 0.192666 0.451545 0.692283 -0.408337 0.511796 0.303429
1413393934.155760527 -0.527782 0.214708 0.448406 0.688016 -0.397730 0.518620 0.315402
1413393934.255760431 -0.600283 0.243706 0.452619 0.688355 -0.395553 0.520183 0.314827
1413393934.355760574 -0.669398 0.278892 0.454287 0.691150 -0.402476 0.518903 0.301769
1413393934.455760479 -0.737653 0.315974 0.442756 0.694074 -0.413521 0.516531 0.283650
1413393934.555760384 -0.806914 0.353215 0.417454 0.695026 -0.422697 0.515855 0.268627
1413393934.655760527 -0.878760 0.388388 0.383927 0.692776 -0.430720 0.518474 0.256372
1413393934.755760431 -0.955574 0.420194 0.343324 0.689757 -0.438843 0.523322 0.240386
1413393934.855760574 -1.036606 0.444326 0.294459 0.692281 -0.443828 0.526945 0.214692
1413393934.955760479 -1.124236 0.457977 0.238188 0.709148 -0.433576 0.520582 0.195231
1413393935.055760384 -1.217608 0.459082 0.176446 0.739495 -0.396253 0.506188 0.199762
1413393935.155760527 -1.308505 0.448363 0.114527 0.768176 -0.350799 0.495953 0.202179
1413393935.255760431 -1.389235 0.429773 0.066364 0.789716 -0.308178 0.494772 0.191245
1413393935.355760574 -1.459342 0.404262 0.031764 0.804557 -0.270764 0.500238 0.170693
1413393935.455760479 -1.515160 0.372904 0.014114 0.815063 -0.229816 0.509018 0.154138
1413393935.555760384 -1.558502 0.340618 0.011791 0.822932 -0.186396 0.518032 0.140296
1413393935.655760527 -1.585957 0.307373 0.019201 0.830647 -0.144768 0.520587 0.134378
1413393935.755760431 -1.598937 0.277470 0.027212 0.835426 -0.106275 0.521105 0.138629
1413393935.855760574 -1.597570 0.257918 0.036072 0.836416 -0.068047 0.523503 0.147386
1413393935.955760479 -1.583023 0.253854 0.046679 0.836111 -0.046028 0.530571 0.131507
1413393936.055760384 -1.556999 0.267111 0.061183 0.834981 -0.038090 0.541925 0.087603
1413393936.155760527 -1.522370 0.292715 0.079089 0.831976 -0.026208 0.552918 0.037556
1413393936.255760431 -1.478263 0.324160 0.098189 0.830015 -0.009481 0.557489 -0.013826
1413393936.355760574 -1.428999 0.354180 0.118318 0.828763 0.015992 0.556256 -0.058945
1413393936.455760479 -1.375031 0.379590 0.139218 0.825765 0.049673 0.554006 -0.093388
1413393936.555760384 -1.314891 0.396446 0.163293 0.815264 0.093121 0.560120 -0.113748
1413393936.655760527 -1.251633 0.410017 0.189466 0.798223 0.132745 0.572571 -0.131837
1413393936.755760431 -1.190124 0.418071 0.216410 0.780407 0.165824 0.583855 -0.150268
1413393936.855760574 -1.133873 0.420816 0.243264 0.766025 0.196830 0.588560 -0.167512
1413393936.955760479 -1.088567 0.415437 0.269706 0.751369 0.229817 0.590578 -0.183975
1413393937.055760384 -1.051459 0.409954 0.300638 0.734833 0.266052 0.591526 -0.198325
1413393937.155760527 -1.027107 0.401066 0.333885 0.719623 0.299916 0.587818 -0.216019
1413393937.255760431 -1.014428 0.388102 0.369882 0.704987 0.330307 0.581590 -0.235888
1413393937.355760574 -1.014797 0.370951 0.409251 0.693515 0.356318 0.571908 -0.254943
1413393937.455760479 -1.025347 0.348429 0.449265 0.688693 0.376126 0.559479 -0.266859
1413393937.555760384 -1.044581 0.321193 0.475748 0.697765 0.389706 0.535457 -0.273018
1413393937.655760527 -1.068358 0.291812 0.482320 0.707694 0.395054 0.514427 -0.280118
1413393937.755760431 -1.092827 0.261188 0.476267 0.718434 0.398368 0.495580 -0.282056
1413393937.855760574 -1.114713 0.233814 0.471822 0.728333 0.400192 0.479803 -0.281365
1413393937.955760479 -1.132868 0.210681 0.474578 0.725929 0.402146 0.483311 -0.278776
1413393938.055760384 -1.147620 0.191591 0.481041 0.716977 0.406125 0.497102 -0.271840
1413393938.155760527 -1.163303 0.179802 0.491343 0.699578 0.416237 0.518909 -0.260904
1413393938.255760431 -1.186533 0.171657 0.505492 0.677228 0.431216 0.539627 -0.253414
1413393938.355760574 -1.223385 0.167773 0.521823 0.663825 0.439908 0.544008 -0.264335
1413393938.455760479 -1.275197 0.166001 0.541102 0.660295 0.441625 0.530684 -0.295554
1413393938.555760384 -1.337309 0.163830 0.561234 0.657633 0.447317 0.510522 -0.326794
1413393938.655760527 -1.405203 0.158327 0.575665 0.651983 0.458918 0.491009 -0.351031
1413393938.755760431 -1.475383 0.147741 0.576856 0.645302 0.472268 0.472846 -0.370087
1413393938.855760574 -1.545120 0.129985 0.570658 0.629242 0.486887 0.467226 -0.385610
1413393938.955760479 -1.613915 0.105845 0.565243 0.612465 0.504856 0.462209 -0.395435
1413393939.055760384 -1.680919 0.074870 0.564101 0.597380 0.522203 0.455157 -0.404070
1413393939.155760527 -1.747333 0.037130 0.572580 0.570591 0.526930 0.462667 -0.427446
1413393939.255760431 -1.813328 -0.011941 0.576472 0.561268 0.542293 0.451421 -0.432569
1413393939.355760574 -1.878701 -0.070890 0.573597 0.572805 0.567454 0.421533 -0.414971
1413393939.455760479 -1.943490 -0.131714 0.562234 0.600623 0.591380 0.373169 -0.387643
1413393939.555760384 -2.005695 -0.183362 0.544968 0.629750 0.604249 0.324820 -0.364404
1413393939.655760527 -2.059961 -0.214768 0.521751 0.651488 0.610133 0.289892 -0.345347
1413393939.755760431 -2.104342 -0.219645 0.498625 0.654072 0.617337 0.286673 -0.330006
1413393939.855760574 -2.143821 -0.193239 0.479535 0.634388 0.608503 0.325907 -0.347938
1413393939.955760479 -2.176315 -0.138143 0.468634 0.599292 0.573487 0.389718 -0.400102
1413393940.055760384 -2.208877 -0.081902 0.461982 0.562780 0.530407 0.442598 -0.453932
1413393940.155760527 -2.238863 -0.041800 0.454762 0.537157 0.493908 0.471251 -0.495418
1413393940.255760431 -2.264304 -0.034126 0.447016 -0.524941 -0.475181 -0.482047 0.516015
1413393940.355760574 -2.282281 -0.059468 0.435934 0.541717 0.492592 0.464833 -0.497822
1413393940.455760479 -2.292977 -0.111955 0.425011 0.575800 0.529570 0.428399 -0.452199
1413393940.555760384 -2.299726 -0.174543 0.413816 0.618852 0.564112 0.371984 -0.400535
1413393940.655760527 -2.301113 -0.228567 0.411504 0.652442 0.577068 0.324206 -0.369056
1413393940.755760431 -2.289864 -0.258394 0.418221 0.675956 0.572244 0.292305 -0.360802
1413393940.855760574 -2.259685 -0.259781 0.436202 0.675997 0.560096 0.301176 -0.372308
1413393940.955760479 -2.209394 -0.233890 0.463513 0.648895 0.550627 0.349934 -0.391525
1413393941.055760384 -2.148736 -0.193386 0.496049 0.611381 0.529587 0.406599 -0.424768
1413393941.155760527 -2.083107 -0.156149 0.530104 0.574632 0.505811 0.452482 -0.457399
1413393941.255760431 -2.014571 -0.136226 0.559356 0.552517 0.494411 0.474034 -0.474947
1413393941.355760574 -1.943074 -0.141689 0.575731 0.561458 0.511374 0.458880 -0.461183
1413393941.455760479 -1.873713 -0.164156 0.589932 0.586079 0.539941 0.423863 -0.430482
1413393941.555760384 -1.804022 -0.193881 0.603448 0.612222 0.570078 0.382607 -0.392183
1413393941.655760527 -1.732376 -0.216707 0.620589 0.630089 0.591005 0.350083 -0.362136
1413393941.755760431 -1.657669 -0.220825 0.635900 0.642080 0.601050 0.332341 -0.340618
1413393941.855760574 -1.578702 -0.199317 0.645561 0.646048 0.602372 0.331866 -0.331110
1413393941.955760479 -1.497858 -0.154504 0.654908 0.633326 0.586469 0.361544 -0.352474
1413393942.055760384 -1.417104 -0.092781 0.668463 0.607487 0.558129 0.408391 -0.390728
1413393942.155760527 -1.335511 -0.030298 0.683153 0.577021 0.527604 0.454347 -0.426906
1413393942.255760431 -1.257896 0.019319 0.694750 0.553605 0.507334 0.485169 -0.448045
1413393942.355760574 -1.185601 0.046342 0.707805 0.544247 0.499315 0.497697 -0.454728
1413393942.455760479 -1.119691 0.050096 0.719652 0.552570 0.508604 0.490020 -0.442571
1413393942.555760384 -1.060304 0.029987 0.730294 0.573343 0.530282 0.465436 -0.416470
1413393942.655760527 -1.006223 -0.000169 0.735655 0.602452 0.555703 0.427117 -0.381860
1413393942.755760431 -0.955532 -0.029010 0.735235 0.624528 0.575988 0.393300 -0.351452
1413393942.855760574 -0.907295 -0.044475 0.727716 0.636814 0.589564 0.370798 -0.330744
1413393942.955760479 -0.859482 -0.042369 0.710381 0.643061 0.596757 0.357333 -0.320417
1413393943.055760384 -0.813142 -0.016994 0.691122 0.633968 0.591716 0.369981 -0.333272
1413393943.155760527 -0.769064 0.030970 0.680008 0.607784 0.571331 0.408578 -0.370464
1413393943.255760431 -0.727865 0.084017 0.674215 0.576102 0.546140 0.449647 -0.409457
1413393943.355760574 -0.690072 0.128435 0.669380 0.551763 0.522743 0.477298 -0.441003
1413393943.455760479 -0.657558 0.152950 0.664557 0.538476 0.508612 0.491391 -0.458140
1413393943.555760384 -0.629918 0.155455 0.654521 0.550030 0.520458 0.480288 -0.442622
1413393943.655760527 -0.608089 0.139632 0.643727 0.575469 0.545189 0.451962 -0.409066
1413393943.755760431 -0.590589 0.118372 0.634482 0.604046 0.569220 0.415686 -0.371917
1413393943.855760574 -0.575460 0.102128 0.629163 0.626072 0.583668 0.388041 -0.341746
1413393943.955760479 -0.560663 0.103265 0.631067 0.639882 0.582857 0.381220 -0.324807
1413393944.055760384 -0.546581 0.124815 0.642824 0.643066 0.561556 0.399645 -0.333774
1413393944.155760527 -0.532307 0.159984 0.658946 0.643624 0.524372 0.425141 -0.360606
1413393944.255760431 -0.515850 0.199283 0.679444 0.639378 0.481264 0.455459 -0.390049
1413393944.355760574 -0.495664 0.231463 0.700968 0.631421 0.443304 0.487753 -0.408517
1413393944.455760479 -0.474612 0.249218 0.720099 0.628628 0.419304 0.510550 -0.410304
1413393944.555760384 -0.453549 0.246569 0.734287 0.638327 0.421756 0.515954 -0.385294
1413393944.655760527 -0.435497 0.227982 0.743608 0.662487 0.439589 0.498716 -0.345189
1413393944.755760431 -0.420259 0.203620 0.752649 0.690299 0.457555 0.468097 -0.308247
1413393944.855760574 -0.406093 0.184956 0.765424 0.711541 0.468702 0.440534 -0.282767
1413393944.955760479 -0.389373 0.180778 0.783913 0.724929 0.472262 0.422980 -0.269324
1413393945.055760384 -0.365877 0.195185 0.811122 0.723122 0.462983 0.434310 -0.272244
1413393945.155760527 -0.337665 0.223451 0.841988 0.702332 0.438714 0.479117 -0.291044
1413393945.255760431 -0.309367 0.253589 0.864766 0.675308 0.405376 0.531984 -0.310842
1413393945.355760574 -0.286924 0.274899 0.871596 0.659026 0.374574 0.569106 -0.318586
1413393945.455760479 -0.273984 0.281483 0.860404 0.665051 0.352869 0.580493 -0.310191
1413393945.555760384 -0.271284 0.274750 0.834036 0.693150 0.338349 0.565820 -0.291394
1413393945.655760527 -0.275752 0.255898 0.807365 0.723023 0.329874 0.547186 -0.262695
1413393945.755760431 -0.284764 0.229907 0.783477 0.752218 0.322550 0.526679 -0.229651
1413393945.855760574 -0.293553 0.207195 0.763410 0.779978 0.312521 0.505009 -0.197308
1413393945.955760479 -0.297571 0.193321 0.750381 0.793132 0.295764 0.502558 -0.175785
1413393946.055760384 -0.294040 0.190768 0.747018 0.782240 0.270541 0.535157 -0.168866
1413393946.155760527 -0.288813 0.194138 0.747834 0.760429 0.240872 0.579516 -0.167001
1413393946.255760431 -0.292277 0.197283 0.748617 0.741624 0.209925 0.616195 -0.161952
1413393946.355760574 -0.307403 0.195826 0.743286 0.745290 0.180773 0.623784 -0.150856
1413393946.455760479 -0.335161 0.187825 0.733221 0.768453 0.149997 0.606260 -0.139389
1413393946.555760384 -0.370279 0.174657 0.723835 0.796216 0.121076 0.580828 -0.118405
1413393946.655760527 -0.407289 0.157854 0.716334 0.825858 0.096753 0.548881 -0.085603
1413393946.755760431 -0.435511 0.141649 0.710642 0.848158 0.073527 0.522636 -0.045548
1413393946.855760574 -0.449558 0.129661 0.714883 0.853734 0.045465 0.518563 -0.012752
1413393946.955760479 -0.449409 0.125931 0.727525 0.837796 0.017054 0.545603 0.011195
1413393947.055760384 -0.440958 0.125698 0.740440 0.804620 -0.011237 0.592929 0.029934
1413393947.155760527 -0.433395 0.126091 0.737324 0.778244 -0.039590 0.624835 0.048478
1413393947.255760431 -0.436881 0.132206 0.715573 0.769596 -0.069315 0.631143 0.067643
1413393947.355760574 -0.452590 0.144277 0.683875 0.766384 -0.102082 0.628102 0.087878
1413393947.455760479 -0.481775 0.157731 0.640712 0.767716 -0.141245 0.617987 0.093568
1413393947.555760384 -0.513125 0.171637 0.596884 0.771601 -0.188407 0.600849 0.090089
1413393947.655760527 -0.555717 0.182595 0.552930 0.774863 -0.235145 0.580083 0.088305
1413393947.755760431 -0.605310 0.184818 0.512073 0.785196 -0.269772 0.547863 0.102646
1413393947.855760574 -0.657948 0.173225 0.476034 0.792865 -0.286786 0.519173 0.139925
1413393947.955760479 -0.701540 0.152133 0.449108 0.788590 -0.297320 0.507013 0.180734
1413393948.055760384 -0.737220 0.124109 0.429890 0.773704 -0.292301 0.512054 0.231824
1413393948.155760527 -0.760464 0.097634 0.415440 0.757207 -0.293339 0.519458 0.265995
1413393948.255760431 -0.775937 0.080085 0.404185 0.736271 -0.303447 0.534960 0.282209
1413393948.355760574 -0.786078 0.074515 0.397542 0.711702 -0.317476 0.556410 0.288267
1413393948.455760479 -0.797075 0.080919 0.393490 0.690157 -0.329342 0.572378 0.295973
1413393948.555760384 -0.811233 0.101430 0.388927 0.682884 -0.347276 0.570077 0.296785
1413393948.655760527 -0.833001 0.131709 0.379633 0.697331 -0.371351 0.539376 0.291378
1413393948.755760431 -0.856550 0.170964 0.370875 0.714647 -0.396768 0.500066 0.285987
1413393948.855760574 -0.879273 0.210390 0.365226 0.723744 -0.423580 0.467324 0.279970
1413393948.955760479 -0.896607 0.240104 0.366905 0.718763 -0.447753 0.451733 0.280773
1413393949.055760384 -0.910568 0.263129 0.375306 0.698323 -0.460730 0.457192 0.301743
1413393949.155760527 -0.919696 0.275851 0.390452 0.672045 -0.466824 0.469087 0.332248
1413393949.255760431 -0.926386 0.288281 0.407379 0.644575 -0.471820 0.481316 0.360893
1413393949.355760574 -0.931288 0.304735 0.425403 0.617391 -0.475576 0.492122 0.387907
1413393949.455760479 -0.935501 0.332288 0.442265 0.590042 -0.482293 0.502864 0.407886
1413393949.555760384 -0.940430 0.373985 0.453219 0.575288 -0.505060 0.503503 0.400553
1413393949.655760527 -0.949662 0.429788 0.459214 0.574091 -0.534313 0.493457 0.376071
1413393949.755760431 -0.968433 0.493179 0.465085 0.569786 -0.562419 0.487517 0.348361
1413393949.855760574 -1.001659 0.558187 0.474633 -0.556459 0.589463 -0.487765 -0.323995
1413393949.955760479 -1.054481 0.618701 0.487356 -0.543603 0.611332 -0.488092 -0.304197
1413393950.055760384 -1.132098 0.669418 0.504695 -0.546356 0.618485 -0.475188 -0.305234
1413393950.155760527 -1.232469 0.715908 0.525096 -0.572885 0.607483 -0.439275 -0.331370
1413393950.255760431 -1.344008 0.753413 0.546430 0.600699 -0.594437 0.400803 0.353782
1413393950.355760574 -1.455895 0.778569 0.565641 0.614625 -0.590098 0.377335 0.362821
1413393950.455760479 -1.562721 0.789439 0.579054 0.615589 -0.592982 0.371365 0.362645
1413393950.555760384 -1.664476 0.784852 0.586814 0.606685 -0.593298 0.380032 0.368111
1413393950.655760527 -1.764968 0.768102 0.586518 0.594197 -0.587013 0.395723 0.381771
1413393950.755760431 -1.863273 0.745377 0.576339 0.584176 -0.579269 0.408169 0.395707
1413393950.855760574 -1.959654 0.721690 0.553579 0.579147 -0.574164 0.412881 0.405529
1413393950.955760479 -2.051317 0.696575 0.520016 0.582562 -0.568165 0.405377 0.416509
1413393951.055760384 -2.137420 0.670248 0.485295 0.590445 -0.563001 0.392155 0.424993
1413393951.155760527 -2.215389 0.642816 0.454422 0.588988 -0.566668 0.393020 0.421327
1413393951.255760431 -2.284446 0.612430 0.428326 0.583397 -0.570880 0.399232 0.417562
1413393951.355760574 -2.344738 0.582118 0.408196 0.579383 -0.575220 0.401053 0.415445
1413393951.455760479 -2.399675 0.551621 0.391339 -0.580173 0.581011 -0.394966 -0.412102
1413393951.555760384 -2.449224 0.519513 0.371400 -0.583302 0.586416 -0.386238 -0.408283
1413393951.655760527 -2.494966 0.482031 0.344898 -0.583518 0.588277 -0.381525 -0.409726
1413393951.755760431 -2.535111 0.441181 0.312491 -0.581271 0.585936 -0.380387 -0.417262
1413393951.855760574 -2.569575 0.395919 0.278445 -0.575020 0.585918 -0.383979 -0.422626
1413393951.955760479 -2.598404 0.347123 0.246392 -0.569221 0.587996 -0.386118 -0.425630
1413393952.055760384 -2.621720 0.295322 0.218339 -0.564242 0.589945 -0.386871 -0.428867
1413393952.155760527 -2.639455 0.242888 0.199631 -0.559398 0.591945 -0.388344 -0.431118
1413393952.255760431 -2.653384 0.191221 0.194931 -0.554053 0.595599 -0.391144 -0.430457
1413393952.355760574 -2.662870 0.139837 0.201658 -0.552575 0.596236 -0.394720 -0.428205
1413393952.455760479 -2.669188 0.089386 0.213719 -0.558632 0.589281 -0.398981 -0.426020
1413393952.555760384 -2.672000 0.038420 0.224785 -0.570556 0.578448 -0.403389 -0.420881
1413393952.655760527 -2.670670 -0.012569 0.235711 0.584563 -0.564817 0.409363 0.414355
1413393952.755760431 -2.664913 -0.062645 0.245852 0.598438 -0.551101 0.417789 0.404490
1413393952.855760574 -2.655963 -0.111461 0.256065 0.609356 -0.540433 0.425749 0.394151
1413393952.955760479 -2.644638 -0.159539 0.267183 0.612465 -0.538047 0.437819 0.379087
1413393953.055760384 -2.632610 -0.208410 0.280097 0.612725 -0.539363 0.447898 0.364752
1413393953.155760527 -2.622792 -0.258441 0.288434 0.612224 -0.541147 0.454325 0.354868
1413393953.255760431 -2.616724 -0.311096 0.277388 0.610838 -0.542633 0.459308 0.348514
1413393953.355760574 -2.616229 -0.364280 0.260017 0.606077 -0.546231 0.466531 0.341541
1413393953.455760479 -2.624710 -0.417814 0.253402 0.600046 -0.546050 0.473698 0.342613
1413393953.555760384 -2.643852 -0.470288 0.262815 0.598763 -0.537900 0.473765 0.357342
1413393953.655760527 -2.669551 -0.518968 0.280724 0.602786 -0.525275 0.465487 0.379548
1413393953.755760431 -2.697190 -0.562717 0.297900 0.603504 -0.515745 0.460950 0.396629
1413393953.855760574 -2.723082 -0.599641 0.305356 0.604623 -0.509585 0.460710 0.403115
1413393953.955760479 -2.746299 -0.626943 0.301775 0.610083 -0.504066 0.462441 0.399830
1413393954.055760384 -2.765938 -0.647613 0.292265 0.625343 -0.502391 0.455642 0.385927
1413393954.155760527 -2.783192 -0.664942 0.285214 0.643591 -0.502676 0.446905 0.365216
1413393954.255760431 -2.795075 -0.681297 0.281694 0.664329 -0.501186 0.437192 0.341091
1413393954.355760574 -2.801849 -0.702238 0.283809 0.683471 -0.493323 0.433122 0.319226
1413393954.455760479 -2.803094 -0.732276 0.288986 0.701153 -0.478115 0.434796 0.301235
1413393954.555760384 -2.797564 -0.772260 0.297065 0.718185 -0.457768 0.439371 0.285679
1413393954.655760527 -2.785258 -0.822466 0.307950 0.732046 -0.437712 0.445674 0.271830
1413393954.755760431 -2.765322 -0.885712 0.318520 0.743262 -0.421919 0.448794 0.261017
1413393954.855760574 -2.738396 -0.959566 0.330455 0.750829 -0.411142 0.450665 0.253217
1413393954.955760479 -2.702927 -1.043980 0.343521 0.754505 -0.402591 0.453534 0.250898
1413393955.055760384 -2.657804 -1.137953 0.360539 0.749290 -0.391035 0.468541 0.257149
1413393955.155760527 -2.604471 -1.236875 0.376589 0.744425 -0.377135 0.484368 0.262656
1413393955.255760431 -2.544257 -1.338196 0.390617 0.740320 -0.369224 0.500146 0.255839
1413393955.355760574 -2.479861 -1.440156 0.403798 0.739584 -0.361667 0.512784 0.243445
1413393955.455760479 -2.413407 -1.541300 0.418250 0.743269 -0.344096 0.523961 0.233698
1413393955.555760384 -2.345522 -1.640512 0.434552 0.745243 -0.314295 0.543350 0.224950
1413393955.655760527 -2.279263 -1.735106 0.442769 0.749407 -0.273300 0.561272 0.220612
1413393955.755760431 -2.217564 -1.822797 0.438821 0.761499 -0.230682 0.562036 0.225875
1413393955.855760574 -2.158063 -1.898195 0.422751 0.775966 -0.196532 0.552409 0.232584
1413393955.955760479 -2.096358 -1.960657 0.402276 0.790442 -0.189059 0.542267 0.213083
1413393956.055760384 -2.029022 -2.010468 0.386694 0.798496 -0.196291 0.540683 0.177583
1413393956.155760527 -1.956056 -2.052266 0.378904 0.801478 -0.198141 0.544760 0.147005
1413393956.255760431 -1.879221 -2.089583 0.375130 0.801234 -0.186402 0.554448 0.125957
1413393956.355760574 -1.799940 -2.123628 0.376559 0.796109 -0.162166 0.572035 0.112640
1413393956.455760479 -1.721818 -2.153898 0.379546 0.791236 -0.133044 0.588669 0.098562
1413393956.555760384 -1.646805 -2.180011 0.380923 0.793597 -0.103465 0.594499 0.077903
1413393956.655760527 -1.577611 -2.201888 0.379147 0.801843 -0.073481 0.590683 0.052372
1413393956.755760431 -1.513455 -2.219304 0.376305 0.813367 -0.043834 0.579493 0.026490
1413393956.855760574 -1.453587 -2.234542 0.377301 0.820392 -0.016040 0.571575 -0.001152
1413393956.955760479 -1.393254 -2.248949 0.381135 0.822232 0.008751 0.568232 -0.031136
1413393957.055760384 -1.331155 -2.263614 0.385356 0.822260 0.036127 0.565215 -0.055825
1413393957.155760527 -1.266244 -2.279870 0.389525 0.820631 0.071404 0.562159 -0.073782
1413393957.255760431 -1.196623 -2.296121 0.394684 0.816247 0.108714 0.559470 -0.094421
1413393957.355760574 -1.125721 -2.312377 0.399867 0.810181 0.146123 0.555350 -0.117652
1413393957.455760479 -1.054289 -2.329471 0.403886 0.800747 0.180771 0.553506 -0.140561
1413393957.555760384 -0.982287 -2.347172 0.402264 0.789068 0.211726 0.553273 -0.162582
1413393957.655760527 -0.912125 -2.365688 0.390080 0.773952 0.240623 0.555045 -0.187145
1413393957.755760431 -0.844779 -2.384632 0.367223 0.754015 0.269690 0.560155 -0.212026
1413393957.855760574 -0.782354 -2.406009 0.333039 0.735870 0.305348 0.560556 -0.225910
1413393957.955760479 -0.727895 -2.430275 0.296864 0.721729 0.343551 0.555658 -0.228743
1413393958.055760384 -0.683001 -2.453960 0.269148 0.715281 0.375343 0.544196 -0.226587
1413393958.155760527 -0.646730 -2.471529 0.257797 0.713412 0.392298 0.532517 -0.231453
1413393958.255760431 -0.617793 -2.478211 0.265129 0.712670 0.397765 0.524484 -0.242490
1413393958.355760574 -0.596286 -2.478680 0.285445 0.717447 0.392184 0.513352 -0.260635
1413393958.455760479 -0.578848 -2.476732 0.304827 0.723819 0.387412 0.502285 -0.271491
1413393958.555760384 -0.562625 -2.474202 0.314271 0.732263 0.387073 0.489624 -0.272458
1413393958.655760527 -0.544956 -2.468752 0.309377 0.740555 0.388734 0.478227 -0.267886
1413393958.755760431 -0.525246 -2.459720 0.297434 0.743447 0.388048 0.475864 -0.265064
1413393958.855760574 -0.499101 -2.443167 0.279120 0.737149 0.382931 0.488407 -0.267271
1413393958.955760479 -0.469827 -2.419716 0.248327 0.730694 0.377197 0.501130 -0.269588
1413393959.055760384 -0.440442 -2.393944 0.209335 0.727793 0.365666 0.508480 -0.279381
1413393959.155760527 -0.410678 -2.369542 0.167800 0.725257 0.350640 0.514148 -0.294458
1413393959.255760431 -0.379830 -2.350602 0.129682 0.719240 0.346467 0.524847 -0.295279
1413393959.355760574 -0.349102 -2.337090 0.093208 0.720672 0.351100 0.525700 -0.284604
1413393959.455760479 -0.318720 -2.327084 0.061057 0.723691 0.355922 0.523276 -0.275269
1413393959.555760384 -0.290972 -2.319153 0.035255 0.721481 0.357718 0.527270 -0.271091
1413393959.655760527 -0.266070 -2.313685 0.018968 0.704052 0.351909 0.550447 -0.278349
1413393959.755760431 -0.248517 -2.316116 0.003869 0.689548 0.344877 0.568894 -0.286258
1413393959.855760574 -0.240207 -2.326831 -0.013114 0.697876 0.349089 0.559162 -0.280078
1413393959.955760479 -0.239965 -2.345393 -0.028325 0.714349 0.357903 0.538874 -0.266883
1413393960.055760384 -0.244782 -2.366065 -0.039871 0.728197 0.364365 0.520666 -0.256661
1413393960.155760527 -0.251874 -2.384512 -0.047097 0.738798 0.369850 0.505785 -0.248134
1413393960.255760431 -0.258307 -2.398248 -0.054549 0.751160 0.375367 0.487545 -0.239076
1413393960.355760574 -0.260973 -2.403236 -0.057968 0.756264 0.377993 0.479234 -0.235629
1413393960.455760479 -0.259255 -2.397630 -0.056181 0.745002 0.378707 0.491406 -0.245098
1413393960.555760384 -0.256073 -2.384314 -0.062705 0.729856 0.386200 0.500994 -0.259161
1413393960.655760527 -0.254859 -2.366840 -0.090594 0.714099 0.402313 0.501879 -0.276268
1413393960.755760431 -0.256610 -2.347089 -0.140733 0.699603 0.424413 0.494726 -0.292704
1413393960.855760574 -0.260946 -2.325446 -0.205883 0.690374 0.448578 0.478814 -0.304793
1413393960.955760479 -0.265062 -2.300487 -0.270496 0.690406 0.468316 0.455385 -0.310877
1413393961.055760384 -0.265396 -2.268684 -0.321471 0.690070 0.479193 0.439914 -0.317259
1413393961.155760527 -0.261245 -2.228692 -0.355336 0.679427 0.482103 0.447074 -0.325701
1413393961.255760431 -0.254140 -2.183820 -0.368613 0.662835 0.467887 0.467497 -0.350966
1413393961.355760574 -0.246191 -2.142028 -0.364621 0.640592 0.438990 0.494267 -0.390677
1413393961.455760479 -0.236742 -2.113019 -0.347900 0.622128 0.423016 0.515034 -0.410796
1413393961.555760384 -0.227721 -2.105929 -0.320656 0.625857 0.436122 0.513455 -0.393021
1413393961.655760527 -0.223169 -2.120698 -0.284146 0.640521 0.457158 0.497874 -0.364501
1413393961.755760431 -0.222322 -2.146512 -0.225229 0.645592 0.466895 0.492197 -0.350660
1413393961.855760574 -0.225507 -2.175867 -0.149357 0.651196 0.471818 0.485238 -0.343330
1413393961.955760479 -0.234289 -2.209489 -0.060687 0.657320 0.476563 0.476942 -0.336667
1413393962.055760384 -0.245931 -2.238032 0.037246 0.663943 0.480593 0.467626 -0.330961
1413393962.155760527 -0.259487 -2.267292 0.155346 0.669726 0.484671 0.458681 -0.325841
1413393962.255760431 -0.273379 -2.290924 0.285054 0.673561 0.487999 0.451379 -0.323155
1413393962.355760574 -0.287525 -2.306888 0.418967 0.678910 0.492414 0.442761 -0.317132
1413393962.455760479 -0.301410 -2.315254 0.538890 0.689264 0.499306 0.428189 -0.303748
1413393962.555760384 -0.311388 -2.314170 0.635167 0.703958 0.500792 0.414550 -0.286006
1413393962.655760527 -0.315838 -2.297788 0.713310 0.714235 0.493636 0.417549 -0.268039
1413393962.755760431 -0.316125 -2.263241 0.781858 0.717790 0.477037 0.440620 -0.251131
1413393962.855760574 -0.313939 -2.210738 0.840325 0.716908 0.453549 0.475818 -0.232238
1413393962.955760479 -0.314330 -2.145717 0.890343 0.716575 0.424439 0.511477 -0.211574
1413393963.055760384 -0.322185 -2.070129 0.929535 0.722377 0.389360 0.538550 -0.191142
1413393963.155760527 -0.340231 -1.985922 0.958064 0.729198 0.350666 0.561618 -0.172881
1413393963.255760431 -0.371180 -1.892981 0.975955 0.739802 0.304964 0.576415 -0.165637
1413393963.355760574 -0.409826 -1.793748 0.982406 0.750636 0.261701 0.586263 -0.156059
1413393963.455760479 -0.456141 -1.693011 0.976239 0.761986 0.224303 0.591453 -0.138738
1413393963.555760384 -0.510286 -1.592329 0.960301 0.771326 0.189622 0.595045 -0.122562
1413393963.655760527 -0.571862 -1.490978 0.936082 0.776335 0.158871 0.600696 -0.105964
1413393963.755760431 -0.639529 -1.388460 0.902839 0.779333 0.132561 0.606200 -0.087120
1413393963.855760574 -0.713629 -1.286542 0.861177 0.783112 0.109472 0.608682 -0.065244
1413393963.955760479 -0.794935 -1.183911 0.811049 0.789729 0.087660 0.605737 -0.041563
1413393964.055760384 -0.883003 -1.077363 0.751716 0.796139 0.064834 0.601312 -0.019570
1413393964.155760527 -0.976599 -0.967277 0.687125 0.799557 0.037156 0.599429 -0.003599
1413393964.255760431 -1.071933 -0.854657 0.618438 0.801267 0.004422 0.598275 0.004308
1413393964.355760574 -1.171047 -0.740341 0.553167 0.803942 -0.027596 0.593957 0.011446
1413393964.455760479 -1.269787 -0.626685 0.493541 0.805099 -0.057143 0.590059 0.019497
1413393964.555760384 -1.369910 -0.518487 0.439799 0.804367 -0.084361 0.587484 0.027196
1413393964.655760527 -1.470543 -0.417884 0.390851 0.801802 -0.111521 0.586209 0.032186
1413393964.755760431 -1.573706 -0.326142 0.347646 0.797786 -0.137217 0.585816 0.039084
1413393964.855760574 -1.678897 -0.243716 0.308285 0.798493 -0.162679 0.577879 0.044719
1413393964.955760479 -1.785327 -0.173666 0.272724 0.804768 -0.189773 0.560377 0.048096
1413393965.055760384 -1.891559 -0.118639 0.240381 0.810917 -0.223447 0.539276 0.040820
1413393965.155760527 -1.992001 -0.085845 0.214692 0.813930 -0.258611 0.519291 0.031248
1413393965.255760431 -2.084615 -0.083105 0.195459 0.819267 -0.282776 0.497529 0.036118
1413393965.355760574 -2.169086 -0.109737 0.183545 0.829871 -0.286459 0.475154 0.059022
1413393965.455760479 -2.236464 -0.163677 0.180992 0.840825 -0.265343 0.460458 0.102880
1413393965.555760384 -2.283025 -0.233363 0.185412 0.846027 -0.225914 0.455916 0.159189
1413393965.655760527 -2.298612 -0.311061 0.195265 0.844293 -0.194980 0.458258 0.197868
1413393965.755760431 -2.287915 -0.381283 0.207116 0.833576 -0.190580 0.476732 0.203857
1413393965.855760574 -2.253300 -0.445789 0.222496 0.813285 -0.196032 0.511516 0.196189
1413393965.955760479 -2.206242 -0.503299 0.232106 0.801454 -0.192106 0.529645 0.200604
1413393966.055760384 -2.151556 -0.552290 0.233073 0.797664 -0.182537 0.534095 0.212498
1413393966.155760527 -2.087937 -0.588399 0.239712 0.796442 -0.187028 0.536947 0.205887
1413393966.255760431 -2.017162 -0.611492 0.260036 0.796284 -0.190734 0.537967 0.200358
1413393966.355760574 -1.936459 -0.623440 0.295849 0.796855 -0.181253 0.536065 0.211667
1413393966.455760479 -1.845832 -0.619363 0.347079 0.788186 -0.168666 0.547469 0.224926
1413393966.555760384 -1.749052 -0.598920 0.400897 0.772749 -0.167234 0.570916 0.221240
1413393966.655760527 -1.651624 -0.563243 0.444232 0.759529 -0.169223 0.590422 0.214200
1413393966.755760431 -1.556437 -0.513220 0.473487 0.750429 -0.171589 0.603088 0.209043
1413393966.855760574 -1.468477 -0.448968 0.490812 0.747805 -0.175256 0.606877 0.204388
1413393966.955760479 -1.389029 -0.373113 0.498579 0.755688 -0.191438 0.597607 0.187489
1413393967.055760384 -1.317091 -0.288181 0.496553 0.763380 -0.217378 0.585248 0.165776
1413393967.155760527 -1.249539 -0.201706 0.489150 0.766501 -0.236576 0.576695 0.154695
1413393967.255760431 -1.185829 -0.117002 0.475516 0.764395 -0.250522 0.573615 0.154612
1413393967.355760574 -1.129956 -0.037306 0.453407 0.757894 -0.262697 0.573616 0.165987
1413393967.455760479 -1.080762 0.038998 0.424132 0.746673 -0.279260 0.575462 0.182582
1413393967.555760384 -1.037675 0.112371 0.389695 0.735528 -0.301837 0.573798 0.196594
1413393967.655760527 -1.003534 0.185524 0.358270 0.726141 -0.327705 0.566896 0.209659
1413393967.755760431 -0.978564 0.256633 0.333315 0.717325 -0.351369 0.556676 0.228246
1413393967.855760574 -0.963108 0.328460 0.318557 0.710123 -0.374375 0.543726 0.244806
1413393967.955760479 -0.953557 0.398988 0.315700 0.714184 -0.399066 0.518381 0.248935
1413393968.055760384 -0.945259 0.462611 0.330488 0.719908 -0.416249 0.495156 0.251574
1413393968.155760527 -0.936231 0.518305 0.364535 0.718736 -0.424207 0.487056 0.257377
1413393968.255760431 -0.924555 0.565543 0.405323 0.714211 -0.433568 0.487077 0.254316
1413393968.355760574 -0.912698 0.604934 0.440789 0.717744 -0.433958 0.480127 0.256906
1413393968.455760479 -0.898854 0.634427 0.468561 0.726784 -0.423036 0.468386 0.271000
1413393968.555760384 -0.879343 0.655823 0.488033 0.727939 -0.410495 0.469137 0.285497
1413393968.655760527 -0.852823 0.672148 0.496222 0.728845 -0.406107 0.467149 0.292632
1413393968.755760431 -0.819250 0.684531 0.493610 0.727288 -0.411848 0.463982 0.293520
1413393968.855760574 -0.778707 0.692398 0.482290 0.715942 -0.418339 0.470247 0.302137
1413393968.955760479 -0.733026 0.697307 0.461962 0.694095 -0.430733 0.484703 0.312673
1413393969.055760384 -0.684458 0.700883 0.430730 0.669725 -0.450876 0.495668 0.320143
1413393969.155760527 -0.639002 0.707043 0.395604 0.648915 -0.467879 0.496549 0.336804
1413393969.255760431 -0.595851 0.716315 0.360648 0.632850 -0.484976 0.486731 0.356922
1413393969.355760574 -0.555270 0.729763 0.328502 0.617986 -0.507715 0.473030 0.369542
1413393969.455760479 -0.516370 0.747931 0.300163 0.597722 -0.534487 0.467212 0.372513
1413393969.555760384 -0.482883 0.769747 0.274686 0.572230 -0.562274 0.469086 0.369267
1413393969.655760527 -0.460769 0.794050 0.253053 -0.554219 0.587488 -0.461102 -0.367538
1413393969.755760431 -0.451385 0.816864 0.242392 -0.541631 0.607190 -0.449700 -0.368411
1413393969.855760574 -0.456815 0.839482 0.250466 -0.531927 0.620726 -0.442343 -0.368898
1413393969.955760479 -0.476627 0.860893 0.276348 -0.527636 0.623735 -0.434958 -0.378637
1413393970.055760384 -0.509713 0.878543 0.317973 -0.538600 0.616559 -0.413746 -0.398220
1413393970.155760527 -0.548964 0.893410 0.362713 -0.554955 0.607463 -0.387829 -0.415454
1413393970.255760431 -0.587527 0.904112 0.397898 -0.564242 0.603952 -0.374021 -0.420692
1413393970.355760574 -0.622022 0.908132 0.421172 -0.568000 0.602820 -0.369763 -0.421021
1413393970.455760479 -0.651858 0.905193 0.440248 -0.570388 0.600661 -0.368766 -0.421753
1413393970.555760384 -0.675887 0.895176 0.461497 -0.566678 0.593273 -0.376914 -0.429929
1413393970.655760527 -0.694922 0.881640 0.482579 -0.564617 0.583156 -0.382137 -0.441711
1413393970.755760431 -0.708096 0.867502 0.492764 -0.568091 0.569800 -0.376718 -0.459003
1413393970.855760574 -0.712985 0.855701 0.489459 0.579203 -0.557282 0.357753 0.475368
1413393970.955760479 -0.701417 0.845167 0.478963 0.585485 -0.549893 0.346117 0.484797
1413393971.055760384 -0.669812 0.834731 0.471487 0.580047 -0.550724 0.356459 0.482893
1413393971.155760527 -0.618131 0.826552 0.473903 0.565322 -0.549953 0.383482 0.480525
1413393971.255760431 -0.550773 0.825846 0.489819 0.547420 -0.539923 0.414072 0.487195
1413393971.355760574 -0.472974 0.840379 0.510813 0.532429 -0.525122 0.437421 0.499428
1413393971.455760479 -0.387259 0.872959 0.518705 0.526297 -0.521406 0.448569 0.499933
1413393971.555760384 -0.295882 0.923507 0.509954 -0.531722 0.541489 -0.446902 -0.473645
1413393971.655760527 -0.202516 0.988763 0.497427 -0.528053 0.573847 -0.455296 -0.429610
1413393971.755760431 -0.116412 1.063322 0.491971 -0.510168 0.602061 -0.474392 -0.390132
1413393971.855760574 -0.048775 1.144521 0.493690 -0.493928 0.622668 -0.486398 -0.362957
1413393971.955760479 -0.007350 1.229397 0.503519 -0.495537 0.628511 -0.477433 -0.362595
1413393972.055760384 0.012118 1.315762 0.519065 -0.506424 0.626893 -0.457472 -0.375845
1413393972.155760527 0.017088 1.403267 0.528184 -0.514039 0.632400 -0.441365 -0.375542
1413393972.255760431 0.010975 1.489336 0.518302 -0.523456 0.641110 -0.424371 -0.367260
1413393972.355760574 -0.010007 1.567174 0.502284 -0.537737 0.628239 -0.404706 -0.390343
1413393972.455760479 -0.035766 1.640273 0.488493 -0.550009 0.612040 -0.388794 -0.414412
1413393972.555760384 -0.060348 1.710610 0.474621 -0.565061 0.607197 -0.368169 -0.420082
1413393972.655760527 -0.079666 1.770978 0.463489 -0.572916 0.608436 -0.355358 -0.418681
1413393972.755760431 -0.093385 1.819762 0.452511 -0.574102 0.608273 -0.351469 -0.420571
1413393972.855760574 -0.098619 1.857491 0.439373 -0.571087 0.606563 -0.352136 -0.426546
1413393972.955760479 -0.098821 1.889497 0.427120 -0.569274 0.604261 -0.350241 -0.433736
1413393973.055760384 -0.090592 1.913227 0.414986 -0.567511 0.599318 -0.349603 -0.443313
1413393973.155760527 -0.073058 1.934538 0.405020 -0.561482 0.591908 -0.357879 -0.454208
1413393973.255760431 -0.045492 1.952303 0.393114 -0.552958 0.580572 -0.372045 -0.467714
1413393973.355760574 -0.008191 1.974035 0.382876 -0.542131 0.566984 -0.390040 -0.482175
1413393973.455760479 0.039395 2.000998 0.372815 -0.532878 0.553664 -0.406606 -0.494135
1413393973.555760384 0.096244 2.040786 0.361544 0.525819 -0.542391 0.418931 0.503809
1413393973.655760527 0.161389 2.098027 0.349817 -0.520454 0.542739 -0.431345 -0.498502
1413393973.755760431 0.233215 2.173195 0.335888 -0.516098 0.564601 -0.445735 -0.464961
1413393973.855760574 0.305343 2.262346 0.323747 -0.510355 0.596949 -0.459421 -0.414877
1413393973.955760479 0.364503 2.360216 0.315590 -0.504038 0.630636 -0.468275 -0.359114
1413393974.055760384 0.401282 2.460442 0.309231 -0.519839 0.660927 -0.443987 -0.309544
1413393974.155760527 0.407636 2.552561 0.308157 -0.545639 0.684254 -0.401664 -0.269707
1413393974.255760431 0.384922 2.617102 0.320051 -0.583146 0.685396 -0.347029 -0.264093
1413393974.355760574 0.338986 2.640296 0.343860 -0.616828 0.672076 -0.299320 -0.279723
1413393974.455760479 0.288600 2.621487 0.375608 -0.641485 0.652792 -0.265926 -0.302724
1413393974.555760384 0.241637 2.553455 0.416464 0.659429 -0.622693 0.250938 0.338285
1413393974.655760527 0.211023 2.447094 0.463143 0.662318 -0.591205 0.261910 0.378437
1413393974.755760431 0.201255 2.311227 0.509417 0.652166 -0.561131 0.291424 0.418190
1413393974.855760574 0.213275 2.162670 0.549151 0.634209 -0.542651 0.326217 0.443724
1413393974.955760479 0.241295 2.009599 0.574157 0.609589 -0.540198 0.365581 0.450488
1413393975.055760384 0.281784 1.858994 0.587475 0.586689 -0.542731 0.398138 0.450250
1413393975.155760527 0.335185 1.717935 0.589161 0.569926 -0.549422 0.420095 0.443667
1413393975.255760431 0.392773 1.584940 0.582546 0.562915 -0.558197 0.428079 0.433925
1413393975.355760574 0.452950 1.462681 0.581457 0.561747 -0.559916 0.428744 0.432565
1413393975.455760479 0.514768 1.348678 0.584323 0.562521 -0.551710 0.427283 0.443413
1413393975.555760384 0.578739 1.251110 0.582547 0.562415 -0.542685 0.427207 0.454616
1413393975.655760527 0.649403 1.157804 0.583174 0.561046 -0.538807 0.429665 0.458588
1413393975.755760431 0.723399 1.083677 0.582828 0.554599 -0.547780 0.438317 0.447477
1413393975.855760574 0.801097 1.017055 0.584769 -0.545359 0.558850 -0.447584 -0.435819
1413393975.955760479 0.876344 0.965394 0.589522 -0.537192 0.569175 -0.452529 -0.427413
1413393976.055760384 0.945329 0.925023 0.590121 -0.540206 0.577496 -0.441149 -0.424339
1413393976.155760527 1.008697 0.893959 0.581088 -0.543527 0.583552 -0.429654 -0.423607
1413393976.255760431 1.069225 0.870016 0.561554 -0.541124 0.590583 -0.427647 -0.418945
1413393976.355760574 1.124210 0.854496 0.537556 -0.532392 0.594388 -0.436312 -0.415805
1413393976.455760479 1.174122 0.842064 0.520994 -0.526651 0.593003 -0.447437 -0.413261
1413393976.555760384 1.216085 0.836074 0.514647 -0.534004 0.590704 -0.451263 -0.402827
1413393976.655760527 1.248950 0.836122 0.510406 -0.545049 0.587290 -0.451662 -0.392447
1413393976.755760431 1.274405 0.839827 0.499562 -0.550251 0.584592 -0.458450 -0.381181
1413393976.855760574 1.288869 0.847012 0.480473 -0.559284 0.585245 -0.457036 -0.368520
1413393976.955760479 1.293115 0.854973 0.459978 -0.576058 0.587536 -0.441583 -0.357718
1413393977.055760384 1.289573 0.858644 0.444014 0.593169 -0.583458 0.421566 0.360568
1413393977.155760527 1.281611 0.853387 0.438777 0.602382 -0.574517 0.410691 0.372020
1413393977.255760431 1.274854 0.839020 0.449739 0.603580 -0.565211 0.409597 0.385303
1413393977.355760574 1.271498 0.819385 0.472152 0.601602 -0.558605 0.412173 0.395156
1413393977.455760479 1.272598 0.799689 0.504150 0.599638 -0.555698 0.412669 0.401670
1413393977.555760384 1.278875 0.778487 0.538564 0.599725 -0.554972 0.408643 0.406629
1413393977.655760527 1.288191 0.759605 0.563127 0.598941 -0.556198 0.406236 0.408516
1413393977.755760431 1.301823 0.738966 0.577230 0.597391 -0.558242 0.404400 0.409819
1413393977.855760574 1.321262 0.714217 0.588063 0.595037 -0.560087 0.403547 0.411562
1413393977.955760479 1.345956 0.691095 0.596708 0.592028 -0.562638 0.402937 0.413018
1413393978.055760384 1.375785 0.665591 0.609014 0.587879 -0.567967 0.402908 0.411676
1413393978.155760527 1.409318 0.638312 0.623397 0.582289 -0.574476 0.405101 0.408424
1413393978.255760431 1.443985 0.612295 0.638427 -0.573750 0.581098 -0.409133 -0.407119
1413393978.355760574 1.479734 0.583867 0.655062 -0.560373 0.589192 -0.413173 -0.410029
1413393978.455760479 1.511884 0.558044 0.673468 -0.542946 0.599304 -0.415467 -0.416450
1413393978.555760384 1.538748 0.534470 0.692270 -0.522414 0.610942 -0.414337 -0.426800
1413393978.655760527 1.560854 0.515241 0.710292 -0.502683 0.627255 -0.404154 -0.436486
1413393978.755760431 1.578667 0.497876 0.729897 -0.484136 0.646769 -0.387988 -0.443585
1413393978.855760574 1.591404 0.486213 0.749127 -0.463589 0.665861 -0.373062 -0.450043
1413393978.955760479 1.598859 0.475949 0.770157 -0.440303 0.682045 -0.360022 -0.459709
1413393979.055760384 1.600242 0.469132 0.790562 -0.414207 0.698827 -0.348809 -0.467340
1413393979.155760527 1.594225 0.469192 0.810635 -0.386896 0.714479 -0.335488 -0.476738
1413393979.255760431 1.581742 0.474633 0.824743 -0.360906 0.728040 -0.317466 -0.488795
1413393979.355760574 1.564259 0.487139 0.826615 -0.331820 0.740908 -0.302246 -0.499598
1413393979.455760479 1.541384 0.503271 0.819926 0.300824 -0.753593 0.289229 0.507887
1413393979.555760384 1.511461 0.526000 0.804495 0.268881 -0.765599 0.277414 0.514396
1413393979.655760527 1.472492 0.556355 0.781744 0.240266 -0.776046 0.259260 0.522311
1413393979.755760431 1.426118 0.596502 0.759825 0.215666 -0.783681 0.235716 0.532700
1413393979.855760574 1.374144 0.646873 0.743593 0.196379 -0.790767 0.205598 0.542081
1413393979.955760479 1.318829 0.704981 0.731654 0.176445 -0.799313 0.176993 0.546479
1413393980.055760384 1.260407 0.767163 0.722268 0.156187 -0.809235 0.148467 0.546537
1413393980.155760527 1.197647 0.831628 0.715162 0.142407 -0.819972 0.113827 0.542595
1413393980.255760431 1.129699 0.892752 0.708649 0.133196 -0.830089 0.081679 0.535294
1413393980.355760574 1.055916 0.946282 0.703778 0.126514 -0.836138 0.061136 0.530217
1413393980.455760479 0.973089 0.990105 0.699982 0.122138 -0.835339 0.051026 0.533560
1413393980.555760384 0.884908 1.023467 0.696221 0.118752 -0.826362 0.048481 0.548337
1413393980.655760527 0.792260 1.049558 0.694366 0.117986 -0.814638 0.047742 0.565831
1413393980.755760431 0.698692 1.065822 0.692470 0.117836 -0.811147 0.048222 0.570815
1413393980.855760574 0.606438 1.075060 0.691066 0.115508 -0.818028 0.052460 0.561013
1413393980.955760479 0.513686 1.076717 0.692013 0.109924 -0.828180 0.061012 0.546180
1413393981.055760384 0.415841 1.074346 0.696634 0.100551 -0.833400 0.074426 0.538326
1413393981.155760527 0.309704 1.070661 0.710754 0.092062 -0.831406 0.086884 0.541055
1413393981.255760431 0.200377 1.065894 0.736955 0.086481 -0.826950 0.095710 0.547279
1413393981.355760574 0.085952 1.065798 0.774514 0.086117 -0.827698 0.099927 0.545449
1413393981.455760479 -0.033851 1.069438 0.813018 0.092504 -0.829585 0.095916 0.542247
1413393981.555760384 -0.158911 1.074767 0.841798 0.104318 -0.828746 0.084890 0.543223
1413393981.655760527 -0.287683 1.078996 0.857309 0.113345 -0.827739 0.077322 0.544079
1413393981.755760431 -0.419351 1.079267 0.860556 0.120736 -0.826533 0.071482 0.545120
1413393981.855760574 -0.555752 1.074635 0.853404 0.129553 -0.822285 0.067339 0.550027
1413393981.955760479 -0.696438 1.061703 0.838374 0.144306 -0.815456 0.068554 0.556334
1413393982.055760384 -0.833348 1.039475 0.823137 0.162071 -0.807948 0.077755 0.561167
1413393982.155760527 -0.968661 1.007431 0.810793 0.184720 -0.799203 0.093600 0.564262
1413393982.255760431 -1.100914 0.965954 0.801354 0.211421 -0.790318 0.116342 0.563172
1413393982.355760574 -1.228473 0.917206 0.794690 0.243716 -0.781047 0.142058 0.557124
1413393982.455760479 -1.348785 0.862473 0.790155 0.282023 -0.771183 0.167955 0.545464
1413393982.555760384 -1.461158 0.802212 0.786821 0.323888 -0.757547 0.196100 0.531755
1413393982.655760527 -1.568981 0.734924 0.784640 0.369401 -0.737502 0.224999 0.518662
1413393982.755760431 -1.672885 0.660101 0.781467 0.418103 -0.711231 0.252519 0.505543
1413393982.855760574 -1.770635 0.578986 0.779157 -0.466564 0.678917 -0.279265 -0.493357
1413393982.955760479 -1.858407 0.494930 0.774471 -0.513274 0.644117 -0.305187 -0.478042
1413393983.055760384 -1.931721 0.410517 0.768276 -0.555937 0.609103 -0.330379 -0.459104
1413393983.155760527 -1.992447 0.319898 0.762871 0.596022 -0.571005 0.351978 0.441387
1413393983.255760431 -2.038653 0.225980 0.757681 0.632976 -0.530792 0.371132 0.424101
1413393983.355760574 -2.066710 0.132598 0.751219 0.665904 -0.488888 0.390138 0.406635
1413393983.455760479 -2.074531 0.041674 0.749352 0.692610 -0.445809 0.412089 0.389523
1413393983.555760384 -2.062755 -0.046536 0.750750 0.713484 -0.402623 0.436711 0.371644
1413393983.655760527 -2.027754 -0.121761 0.754765 0.731564 -0.359719 0.459581 0.352423
1413393983.755760431 -1.977532 -0.187576 0.761565 0.746426 -0.320642 0.481664 0.328690
1413393983.855760574 -1.910397 -0.240300 0.770444 0.759425 -0.286812 0.500450 0.300937
1413393983.955760479 -1.830702 -0.279110 0.782610 0.769997 -0.252797 0.516455 0.276538
1413393984.055760384 -1.738611 -0.304334 0.796628 0.779279 -0.217311 0.529558 0.255084
1413393984.155760527 -1.636810 -0.312400 0.813838 0.786976 -0.179347 0.541767 0.234504
1413393984.255760431 -1.529164 -0.300225 0.834143 0.792992 -0.141606 0.553113 0.212551
1413393984.355760574 -1.416052 -0.269274 0.856958 0.797077 -0.110957 0.563745 0.185869
1413393984.455760479 -1.300851 -0.219823 0.882050 0.798408 -0.083206 0.573517 0.163404
1413393984.555760384 -1.182320 -0.153549 0.907410 0.797396 -0.059094 0.582689 0.145401
1413393984.655760527 -1.066017 -0.072032 0.930331 0.800106 -0.046382 0.585798 0.120501
1413393984.755760431 -0.951701 0.020053 0.942715 0.802955 -0.050273 0.587593 0.086433
1413393984.855760574 -0.838805 0.117443 0.944675 0.806141 -0.061328 0.585670 0.058025
1413393984.955760479 -0.730431 0.214431 0.935329 0.811509 -0.086026 0.576927 0.034763
1413393985.055760384 -0.623733 0.306059 0.917350 0.813062 -0.113331 0.570219 0.030601
1413393985.155760527 -0.518715 0.386926 0.892506 0.807989 -0.135509 0.571191 0.050317
1413393985.255760431 -0.414826 0.460409 0.861414 0.799182 -0.156003 0.574688 0.081884
1413393985.355760574 -0.315724 0.529607 0.827242 0.790578 -0.177414 0.574127 0.117851
1413393985.455760479 -0.218450 0.599250 0.795296 0.781834 -0.203014 0.570014 0.150348
1413393985.555760384 -0.122557 0.672093 0.765467 0.772644 -0.233206 0.563678 0.175792
1413393985.655760527 -0.029060 0.746389 0.736582 0.767097 -0.270729 0.550307 0.188229
1413393985.755760431 0.062339 0.821110 0.709109 0.763095 -0.310350 0.532639 0.194075
1413393985.855760574 0.153998 0.891324 0.686992 0.757326 -0.346725 0.515704 0.200718
1413393985.955760479 0.246549 0.950491 0.672621 0.746990 -0.381838 0.503102 0.207589
1413393986.055760384 0.338845 0.997070 0.666220 0.732586 -0.412751 0.495109 0.218682
1413393986.155760527 0.429428 1.032042 0.664153 0.714556 -0.443350 0.490229 0.229184
1413393986.255760431 0.515654 1.056977 0.663247 0.691322 -0.475800 0.489510 0.236787
1413393986.355760574 0.592156 1.076382 0.658177 0.666548 -0.507406 0.487053 0.247045
1413393986.455760479 0.654307 1.072516 0.657650 0.642463 -0.535944 0.481836 0.260461
1413393986.555760384 0.703773 1.057321 0.662824 0.624189 -0.551365 0.470187 0.292076
1413393986.655760527 0.742651 1.027056 0.673666 0.612917 -0.553854 0.450409 0.338687
1413393986.755760431 0.775826 0.995953 0.683241 0.595932 -0.556198 0.435238 0.382199
1413393986.855760574 0.804237 0.965085 0.695097 0.577941 -0.558586 0.421285 0.420102
1413393986.955760479 0.836693 0.941476 0.702931 -0.563700 0.565180 -0.409438 -0.441786
1413393987.055760384 0.874146 0.924652 0.706878 -0.555497 0.579611 -0.397782 -0.444121
1413393987.155760527 0.915657 0.912815 0.702850 -0.550784 0.591127 -0.389108 -0.442494
1413393987.255760431 0.961584 0.901062 0.695748 -0.548386 0.599273 -0.382950 -0.439880
1413393987.355760574 1.012639 0.886081 0.693093 -0.547643 0.604021 -0.379543 -0.437256
1413393987.455760479 1.066881 0.868240 0.695621 -0.548169 0.605728 -0.378785 -0.434886
1413393987.555760384 1.123554 0.848602 0.703320 -0.547387 0.605235 -0.378650 -0.436672
1413393987.655760527 1.182903 0.828585 0.712392 -0.543671 0.605712 -0.376274 -0.442665
1413393987.755760431 1.244385 0.808108 0.721842 -0.535656 0.610795 -0.373699 -0.447607
1413393987.855760574 1.308291 0.786666 0.729240 -0.527002 0.618697 -0.373028 -0.447585
1413393987.955760479 1.373363 0.766094 0.726157 -0.520282 0.625846 -0.372782 -0.445710
1413393988.055760384 1.440331 0.743522 0.709832 -0.515295 0.629762 -0.371874 -0.446744
1413393988.155760527 1.506486 0.720079 0.683238 -0.512138 0.629275 -0.370075 -0.452517
1413393988.255760431 1.574725 0.697737 0.648109 -0.510773 0.625802 -0.366656 -0.461569
1413393988.355760574 1.645645 0.675295 0.607941 -0.510917 0.621490 -0.363495 -0.469666
1413393988.455760479 1.719055 0.654603 0.568964 -0.515895 0.615928 -0.354083 -0.478654
1413393988.555760384 1.799766 0.635270 0.532294 -0.525716 0.609546 -0.337050 -0.488337
1413393988.655760527 1.892649 0.618310 0.500027 -0.527152 0.608203 -0.332610 -0.491498
1413393988.755760431 1.995525 0.601059 0.470132 -0.519134 0.619640 -0.342049 -0.479111
1413393988.855760574 2.106568 0.583718 0.448148 -0.503381 0.644101 -0.353478 -0.454747
1413393988.955760479 2.213709 0.563378 0.440944 -0.481706 0.674525 -0.361852 -0.426660
1413393989.055760384 2.310377 0.540579 0.449461 -0.460584 0.701202 -0.363497 -0.405028
1413393989.155760527 2.389436 0.514694 0.473044 -0.442637 0.724591 -0.360697 -0.385924
1413393989.255760431 2.443336 0.480000 0.514721 -0.434614 0.737834 -0.348432 -0.381192
1413393989.355760574 2.476844 0.436693 0.571891 -0.441646 0.718075 -0.326509 -0.427444
1413393989.455760479 2.498269 0.384747 0.632390 -0.441580 0.688414 -0.315341 -0.481303
1413393989.555760384 2.520799 0.332539 0.681154 0.437567 -0.666280 0.312922 0.516416
1413393989.655760527 2.548176 0.283284 0.712752 0.435453 -0.659738 0.310411 0.527988
1413393989.755760431 2.582120 0.237596 0.728459 0.432048 -0.665986 0.305295 0.525921
1413393989.855760574 2.622875 0.196981 0.733723 0.419379 -0.677858 0.305915 0.520621
1413393989.955760479 2.665147 0.158969 0.732042 0.396599 -0.692200 0.312017 0.515959
1413393990.055760384 2.708330 0.128573 0.720757 0.366509 -0.706135 0.313906 0.518178
1413393990.155760527 2.747732 0.108404 0.702799 0.337213 -0.718890 0.301584 0.527761
1413393990.255760431 2.784984 0.093741 0.677436 0.306266 -0.733929 0.282307 0.536518
1413393990.355760574 2.821398 0.089701 0.646127 0.273050 -0.753604 0.261029 0.537948
1413393990.455760479 2.855959 0.094186 0.618620 0.236535 -0.772291 0.241362 0.537923
1413393990.555760384 2.884948 0.108706 0.591190 0.200485 -0.791337 0.224227 0.532272
1413393990.655760527 2.904896 0.132892 0.566173 0.173917 -0.817491 0.200035 0.511320
1413393990.755760431 2.913536 0.163271 0.544229 -0.171036 0.844252 -0.156189 -0.483311
1413393990.855760574 2.901022 0.192963 0.530499 -0.180584 0.860044 -0.110398 -0.464248
1413393990.955760479 2.865472 0.207589 0.526607 -0.191345 0.858268 -0.077236 -0.469891
1413393991.055760384 2.809871 0.203532 0.532109 0.199982 -0.833630 0.062464 0.511044
1413393991.155760527 2.740919 0.179167 0.545524 0.198164 -0.795584 0.069739 0.568255
1413393991.255760431 2.678283 0.145305 0.558364 0.187345 -0.753678 0.092165 0.623199
1413393991.355760574 2.631495 0.106872 0.570909 0.175120 -0.721662 0.118226 0.659211
1413393991.455760479 2.608566 0.071098 0.577436 0.165020 -0.722946 0.142483 0.655603
1413393991.555760384 2.606325 0.045111 0.578081 0.157133 -0.753929 0.164087 0.616422
1413393991.655760527 2.615700 0.031241 0.578590 0.149380 -0.788660 0.182634 0.567756
1413393991.755760431 2.623281 0.025269 0.584637 0.146001 -0.814600 0.187657 0.529052
1413393991.855760574 2.617296 0.031015 0.602559 0.148596 -0.820729 0.180032 0.521451
1413393991.955760479 2.600146 0.044729 0.631238 0.164508 -0.798183 0.154378 0.558577
1413393992.055760384 2.579769 0.059942 0.662772 0.175000 -0.766604 0.138377 0.602117
1413393992.155760527 2.568769 0.078670 0.687142 0.180063 -0.752607 0.130209 0.619843
1413393992.255760431 2.570369 0.097385 0.701829 0.186160 -0.773909 0.120006 0.593303
1413393992.355760574 2.579317 0.114835 0.713778 0.181813 -0.802237 0.123308 0.555118
1413393992.455760479 2.587755 0.127416 0.726782 0.165130 -0.823180 0.142661 0.524171
1413393992.555760384 2.585171 0.140515 0.738319 0.151744 -0.824466 0.157637 0.521900
1413393992.655760527 2.572596 0.158065 0.744917 0.151889 -0.805547 0.156381 0.550971
1413393992.755760431 2.554474 0.179757 0.749682 0.161433 -0.772259 0.144552 0.597211
1413393992.855760574 2.542103 0.205765 0.751088 0.171342 -0.748697 0.131665 0.626705
1413393992.955760479 2.543341 0.233562 0.748739 0.178751 -0.753594 0.120930 0.620902
1413393993.055760384 2.559819 0.261292 0.746922 0.185576 -0.776083 0.109802 0.592622
1413393993.155760527 2.585673 0.286047 0.744956 0.185544 -0.799558 0.107297 0.561041
1413393993.255760431 2.610219 0.304156 0.744463 0.182203 -0.829345 0.107560 0.517127
1413393993.355760574 2.627947 0.316914 0.746128 -0.181932 0.852459 -0.103917 -0.478973
1413393993.455760479 2.626327 0.320413 0.757010 -0.188272 0.858057 -0.094185 -0.468424
1413393993.555760384 2.603077 0.311226 0.776761 -0.191086 0.842383 -0.093041 -0.495198
1413393993.655760527 2.566320 0.291186 0.804626 0.188661 -0.809271 0.101547 0.546970
1413393993.755760431 2.528017 0.262963 0.833522 0.183088 -0.769323 0.111652 0.601793
1413393993.855760574 2.499245 0.233488 0.840750 0.177753 -0.737720 0.118104 0.640488
1413393993.955760479 2.484440 0.205364 0.826816 0.172566 -0.714865 0.123327 0.666318
1413393994.055760384 2.494472 0.179935 0.805371 0.163706 -0.701441 0.135465 0.680317
1413393994.155760527 2.537153 0.165038 0.797108 0.152599 -0.704298 0.152394 0.676354
1413393994.255760431 2.609831 0.163194 0.805971 0.143662 -0.720084 0.167361 0.657899
1413393994.355760574 2.701416 0.173784 0.829000 0.143563 -0.753853 0.170016 0.618215
1413393994.455760479 2.804594 0.196594 0.846299 0.150597 -0.797272 0.159984 0.562213
1413393994.555760384 2.907011 0.225650 0.842490 0.158680 -0.838743 0.143806 0.500649
1413393994.655760527 2.996134 0.255086 0.818147 -0.162133 0.870449 -0.128157 -0.446775
1413393994.755760431 3.058322 0.278174 0.785497 -0.164027 0.888404 -0.112315 -0.413786
1413393994.855760574 3.081419 0.290115 0.761746 -0.171971 0.880206 -0.095062 -0.432003
1413393994.955760479 3.077685 0.287716 0.746951 -0.173152 0.854186 -0.090550 -0.481856
1413393995.055760384 3.068075 0.277480 0.726251 0.160146 -0.831033 0.098969 0.523395
1413393995.155760527 3.046512 0.264220 0.704669 0.148342 -0.813540 0.120120 0.549290
1413393995.255760431 3.021490 0.248903 0.675849 0.139633 -0.804474 0.151799 0.557029
1413393995.355760574 2.992057 0.234197 0.642908 0.145610 -0.799993 0.178369 0.554069
1413393995.455760479 2.957177 0.227025 0.612460 0.165008 -0.794404 0.200691 0.549016
1413393995.555760384 2.916979 0.228222 0.586911 0.195062 -0.785498 0.217827 0.545431
1413393995.655760527 2.870785 0.237110 0.565781 0.233599 -0.770914 0.231744 0.545361
1413393995.755760431 2.826319 0.253089 0.546536 0.277539 -0.748860 0.244560 0.549882
1413393995.855760574 2.782570 0.275891 0.528373 0.318972 -0.724893 0.265078 0.550018
1413393995.955760479 2.744000 0.304632 0.511883 0.355332 -0.701742 0.290352 0.544971
1413393996.055760384 2.709067 0.341604 0.494777 0.384587 -0.681774 0.312926 0.537917
1413393996.155760527 2.678468 0.385815 0.478080 0.402255 -0.668768 0.332977 0.529213
1413393996.255760431 2.651053 0.439820 0.458637 0.415719 -0.668867 0.346134 0.509888
1413393996.355760574 2.625546 0.503043 0.437376 -0.431183 0.673437 -0.344679 -0.491691
1413393996.455760479 2.600402 0.570800 0.410202 -0.444617 0.676921 -0.336953 -0.480163
1413393996.555760384 2.574426 0.639971 0.372076 -0.453382 0.682053 -0.328852 -0.470217
1413393996.655760527 2.548521 0.707368 0.329977 -0.460296 0.686362 -0.321756 -0.462070
1413393996.755760431 2.522503 0.767931 0.290250 -0.466955 0.686078 -0.320072 -0.456951
1413393996.855760574 2.495564 0.821323 0.256488 -0.476250 0.678402 -0.321977 -0.457480
1413393996.955760479 2.470089 0.868719 0.227715 -0.488182 0.669002 -0.325166 -0.456489
1413393997.055760384 2.445479 0.907115 0.205679 -0.499324 0.661334 -0.329411 -0.452549
1413393997.155760527 2.423086 0.940588 0.187121 -0.507763 0.654867 -0.332872 -0.450025
1413393997.255760431 2.401783 0.968668 0.172484 -0.510570 0.647070 -0.340718 -0.452249
1413393997.355760574 2.381629 0.991193 0.157456 -0.512792 0.639572 -0.347208 -0.455455
1413393997.455760479 2.363010 1.011657 0.130218 -0.514135 0.635190 -0.351734 -0.456598
1413393997.555760384 2.346757 1.029571 0.090161 -0.514556 0.632316 -0.354792 -0.457746
1413393997.655760527 2.334964 1.047396 0.050888 -0.513690 0.629269 -0.358102 -0.460332
1413393997.755760431 2.327017 1.063191 0.016362 -0.513813 0.629606 -0.358364 -0.459530
1413393997.855760574 2.322128 1.077879 -0.009325 -0.514916 0.631384 -0.355271 -0.458256
1413393997.955760479 2.322029 1.090694 -0.031042 -0.515215 0.633351 -0.352095 -0.457656
1413393998.055760384 2.317097 1.104524 -0.052246 -0.516033 0.634488 -0.349648 -0.457035
1413393998.155760527 2.322507 1.114846 -0.069783 -0.514720 0.636236 -0.347084 -0.458040
1413393998.255760431 2.332044 1.120917 -0.082157 -0.511692 0.637709 -0.345338 -0.460694
1413393998.355760574 2.346203 1.125699 -0.091970 -0.507848 0.639509 -0.345516 -0.462318
1413393998.455760479 2.365283 1.129669 -0.098627 -0.505870 0.646553 -0.343570 -0.456097
1413393998.555760384 2.387185 1.129045 -0.098641 -0.499455 0.654092 -0.348154 -0.448884
1413393998.655760527 2.410511 1.125600 -0.098622 -0.488737 0.658946 -0.360034 -0.444187
1413393998.755760431 2.430755 1.120305 -0.102081 -0.479118 0.662356 -0.372343 -0.439422
1413393998.855760574 2.446509 1.115922 -0.106738 -0.475374 0.661746 -0.377838 -0.439717
1413393998.955760479 2.455982 1.111968 -0.114891 -0.480410 0.657418 -0.371825 -0.445818
1413393999.055760384 2.459974 1.108392 -0.125025 -0.488296 0.648008 -0.361663 -0.459188
1413393999.155760527 2.462803 1.105345 -0.139119 -0.498341 0.643217 -0.347821 -0.465778
1413393999.255760431 2.468459 1.101853 -0.155534 -0.503839 0.646045 -0.339811 -0.461844
1413393999.355760574 2.477411 1.095015 -0.171516 -0.499980 0.654958 -0.344784 -0.449637
1413393999.455760479 2.487026 1.085147 -0.186936 -0.493828 0.662005 -0.352788 -0.439800
1413393999.555760384 2.493757 1.072418 -0.199890 -0.487497 0.665401 -0.360405 -0.435542
1413393999.655760527 2.495678 1.056814 -0.211610 -0.481309 0.665825 -0.368422 -0.435068
1413393999.755760431 2.491869 1.040938 -0.225273 -0.477870 0.665902 -0.373392 -0.434502
1413393999.855760574 2.481973 1.025933 -0.246566 -0.476459 0.665758 -0.376617 -0.433490
1413393999.955760479 2.466932 1.011649 -0.275099 -0.478307 0.663365 -0.376047 -0.435611
1413394000.055760384 2.451755 0.998671 -0.294245 -0.489180 0.646880 -0.357824 -0.462829
1413394000.155760527 2.457533 1.002712 -0.277462 -0.487286 0.642593 -0.358927 -0.469891
1413394000.255760431 2.462833 1.007132 -0.277215 -0.494049 0.634431 -0.343504 -0.485199
1413394000.355760574 2.459973 1.012509 -0.297363 -0.471495 0.651258 -0.363982 -0.470183
1413394000.455760479 2.456705 1.011665 -0.291520 -0.479447 0.646422 -0.355297 -0.475429
1413394000.555760384 2.455524 1.012056 -0.294609 -0.478667 0.646808 -0.356578 -0.474731
1413394000.655760527 2.456308 1.011787 -0.295684 -0.479411 0.645815 -0.355918 -0.475826
1413394000.755760431 2.455816 1.011705 -0.295698 -0.478900 0.646679 -0.356938 -0.474401
1413394000.855760574 2.456232 1.011950 -0.295490 -0.478467 0.646301 -0.357584 -0.474867
1413394000.955760479 2.456178 1.011929 -0.295685 -0.478244 0.646668 -0.357948 -0.474316
1413394001.055760384 2.456071 1.012018 -0.295784 -0.478033 0.646666 -0.358331 -0.474244
1413394001.155760527 2.456200 1.012077 -0.295815 -0.477983 0.646594 -0.358590 -0.474196
1413394001.255760431 2.456250 1.012000 -0.295924 -0.478040 0.646786 -0.358684 -0.473806
1413394001.355760574 2.456202 1.012078 -0.295925 -0.477914 0.646735 -0.358819 -0.473900
1413394001.455760479 2.456194 1.011978 -0.296082 -0.477943 0.646782 -0.358929 -0.473724
1413394001.555760384 2.456239 1.011933 -0.296081 -0.477916 0.646829 -0.359030 -0.473610
1413394001.655760527 2.456271 1.011990 -0.296099 -0.477815 0.646843 -0.359217 -0.473550
1413394001.755760431 2.456385 1.011833 -0.296025 -0.478260 0.646577 -0.359240 -0.473448
1413394001.855760574 2.456355 1.011875 -0.296100 -0.478194 0.646625 -0.359471 -0.473273
1413394001.955760479 2.456337 1.011819 -0.296174 -0.478140 0.646637 -0.359618 -0.473199
1413394002.055760384 2.456332 1.011848 -0.296349 -0.478054 0.646606 -0.359638 -0.473313
1413394002.155760527 2.456294 1.011935 -0.296170 -0.478047 0.646659 -0.359679 -0.473217
1413394002.255760431 2.456274 1.011973 -0.296194 -0.478026 0.646576 -0.359865 -0.473209
1413394002.355760574 2.456274 1.011979 -0.296247 -0.477982 0.646603 -0.359982 -0.473128
1413394002.455760479 2.456276 1.011996 -0.296271 -0.478012 0.646585 -0.360056 -0.473067
1413394002.555760384 2.456281 1.012021 -0.296282 -0.478022 0.646589 -0.360054 -0.473053
1413394002.655760527 2.456279 1.012030 -0.296297 -0.478019 0.646591 -0.360122 -0.473001
1413394002.755760431 2.456315 1.012061 -0.296372 -0.477989 0.646654 -0.360136 -0.472934
1413394002.855760574 2.456362 1.012111 -0.296445 -0.478050 0.646629 -0.360181 -0.472873
1413394002.955760479 2.456380 1.012207 -0.296384 -0.477938 0.646616 -0.360280 -0.472929
1413394003.055760384 2.456396 1.012196 -0.296357 -0.477917 0.646634 -0.360368 -0.472859
1413394003.155760527 2.456412 1.012209 -0.296381 -0.477907 0.646651 -0.360428 -0.472798
1413394003.255760431 2.456389 1.012179 -0.296406 -0.477905 0.646676 -0.360448 -0.472751
1413394003.355760574 2.456380 1.012203 -0.296415 -0.477856 0.646650 -0.360516 -0.472784
