1413393892.455760479 -0.956760 0.794458 0.368788 0.817369 0.794458 0.368788 0.058646
1413393892.555760384 -1.089111 0.837584 0.357551 0.820202 0.837584 0.357551 0.059112
1413393892.655760527 -1.222220 0.872866 0.334633 0.827050 0.872866 0.334633 0.057381
1413393892.755760431 -1.350783 0.920754 0.311446 0.840755 0.920754 0.311446 0.057848
1413393892.855760574 -1.452923 0.995393 0.284823 0.854117 0.995393 0.284823 0.064287
1413393892.955760479 -1.542631 1.050449 0.266086 0.865466 1.050449 0.266086 0.063750
1413393893.055760384 -1.605728 1.099876 0.257380 0.872139 1.099876 0.257380 0.063065
1413393893.155760527 -1.634922 1.145125 0.258627 0.872294 1.145125 0.258627 0.060799
1413393893.255760431 -1.635286 1.186653 0.268416 0.867444 1.186653 0.268416 0.059235
1413393893.355760574 -1.615553 1.228656 0.280047 0.863300 1.228656 0.280047 0.050401
1413393893.455760479 -1.576348 1.270530 0.293621 0.859392 1.270530 0.293621 0.040070
1413393893.555760384 -1.522066 1.307244 0.308085 0.857924 1.307244 0.308085 0.028934
1413393893.655760527 -1.451700 1.339807 0.324166 0.857175 1.339807 0.324166 0.017997
1413393893.755760431 -1.367566 1.366820 0.341355 0.855100 1.366820 0.341355 0.006901
1413393893.855760574 -1.265567 1.386719 0.360079 0.848191 1.386719 0.360079 0.005936
1413393893.955760479 -1.152002 1.396928 0.380955 0.836278 1.396928 0.380955 0.010293
1413393894.055760384 -1.033001 1.400561 0.402377 0.828226 1.400561 0.402377 0.012915
1413393894.155760527 -0.909717 1.395928 0.423899 0.824594 1.395928 0.423899 0.013710
1413393894.255760431 -0.785434 1.385463 0.446428 0.823359 1.385463 0.446428 0.012326
1413393894.355760574 -0.658977 1.368124 0.464403 0.822409 1.368124 0.464403 0.011081
1413393894.455760479 -0.530531 1.343347 0.465066 0.821905 1.343347 0.465066 0.015233
1413393894.555760384 -0.400583 1.312381 0.450443 0.819726 1.312381 0.450443 0.021800
1413393894.655760527 -0.268935 1.278998 0.428930 0.817928 1.278998 0.428930 0.026878
1413393894.755760431 -0.137477 1.241204 0.407716 0.816184 1.241204 0.407716 0.030025
1413393894.855760574 -0.007794 1.198228 0.389779 0.815018 1.198228 0.389779 0.030108
1413393894.955760479 0.124652 1.157435 0.377073 0.810396 1.157435 0.377073 0.031378
1413393895.055760384 0.255105 1.112907 0.367675 0.803475 1.112907 0.367675 0.032674
1413393895.155760527 0.377296 1.070021 0.361331 0.803249 1.070021 0.361331 0.034046
1413393895.255760431 0.496583 1.025629 0.356454 0.806245 1.025629 0.356454 0.034807
1413393895.355760574 0.610836 0.981968 0.349784 0.804356 0.981968 0.349784 0.035571
1413393895.455760479 0.720835 0.937817 0.334478 0.801779 0.937817 0.334478 0.037093
1413393895.555760384 0.829359 0.889696 0.311681 0.800834 0.889696 0.311681 0.041111
1413393895.655760527 0.934163 0.842079 0.291062 0.800536 0.842079 0.291062 0.047923
1413393895.755760431 1.030910 0.795990 0.277455 0.796035 0.795990 0.277455 0.060612
1413393895.855760574 1.118801 0.750850 0.268020 0.791014 0.750850 0.268020 0.075750
1413393895.955760479 1.201778 0.706246 0.261147 0.787258 0.706246 0.261147 0.094627
1413393896.055760384 1.275620 0.664764 0.255656 0.784357 0.664764 0.255656 0.119508
1413393896.155760527 1.345903 0.632332 0.252518 0.777570 0.632332 0.252518 0.143818
1413393896.255760431 1.409334 0.605991 0.252946 0.764821 0.605991 0.252946 0.170569
1413393896.355760574 1.467932 0.589391 0.255010 0.750390 0.589391 0.255010 0.195045
1413393896.455760479 1.516130 0.581568 0.261776 0.733568 0.581568 0.261776 0.207344
1413393896.555760384 1.555977 0.590755 0.271647 0.724403 0.590755 0.271647 0.207005
1413393896.655760527 1.587475 0.595756 0.283416 0.717914 0.595756 0.283416 0.209285
1413393896.755760431 1.611442 0.597369 0.297891 0.709933 0.597369 0.297891 0.208045
1413393896.855760574 1.618747 0.589205 0.315127 0.699206 0.589205 0.315127 0.209634
1413393896.955760479 1.615918 0.573589 0.332616 0.694054 0.573589 0.332616 0.213218
1413393897.055760384 1.595861 0.542830 0.346473 0.703472 0.542830 0.346473 0.228663
1413393897.155760527 1.573458 0.495636 0.354156 0.716417 0.495636 0.354156 0.260259
1413393897.255760431 1.553848 0.434699 0.360916 0.720084 0.434699 0.360916 0.305352
1413393897.355760574 1.548919 0.366957 0.366914 0.714920 0.366957 0.366914 0.347133
1413393897.455760479 1.563384 0.295033 0.370899 0.703397 0.295033 0.370899 0.355954
1413393897.555760384 1.593523 0.224129 0.372590 0.693505 0.224129 0.372590 0.349353
1413393897.655760527 1.638197 0.159801 0.372212 0.690991 0.159801 0.372212 0.339163
1413393897.755760431 1.685410 0.098116 0.376530 0.692253 0.098116 0.376530 0.333717
1413393897.855760574 1.736753 0.037359 0.385491 0.693946 0.037359 0.385491 0.335243
1413393897.955760479 1.790746 -0.021260 0.398801 0.693145 -0.021260 0.398801 0.343932
1413393898.055760384 1.853528 -0.080971 0.410899 0.687475 -0.080971 0.410899 0.362763
1413393898.155760527 1.922936 -0.131520 0.428899 0.666914 -0.131520 0.428899 0.390080
1413393898.255760431 1.999625 -0.172481 0.451992 0.632002 -0.172481 0.451992 0.414283
1413393898.355760574 2.083608 -0.200238 0.479217 0.594681 -0.200238 0.479217 0.427720
1413393898.455760479 2.169927 -0.207484 0.505968 0.556369 -0.207484 0.505968 0.433134
1413393898.555760384 2.243820 -0.186310 0.523378 0.538779 -0.186310 0.523378 0.415490
1413393898.655760527 2.317694 -0.148769 0.524703 0.556996 -0.148769 0.524703 0.377428
1413393898.755760431 2.374075 -0.093583 0.514334 0.585614 -0.093583 0.514334 0.336809
1413393898.855760574 2.419158 -0.041387 0.502573 0.616511 -0.041387 0.502573 0.297217
1413393898.955760479 2.443043 -0.000445 0.501058 0.637961 -0.000445 0.501058 0.272697
1413393899.055760384 2.459837 0.008849 0.508376 0.656470 0.008849 0.508376 0.273538
1413393899.155760527 2.475938 -0.021318 0.534015 0.659583 -0.021318 0.534015 0.316414
1413393899.255760431 2.495583 -0.078053 0.574413 0.632989 -0.078053 0.574413 0.379759
1413393899.355760574 2.522529 -0.137901 0.617341 0.589181 -0.137901 0.617341 0.431373
1413393899.455760479 2.546520 -0.176277 0.661460 0.550872 -0.176277 0.661460 0.458227
1413393899.555760384 2.573262 -0.190329 0.700768 0.514555 -0.190329 0.700768 0.466967
1413393899.655760527 2.587780 -0.161557 0.735257 0.498878 -0.161557 0.735257 0.453210
1413393899.755760431 2.596595 -0.099389 0.755292 0.519796 -0.099389 0.755292 0.412165
1413393899.855760574 2.588140 -0.009348 0.765643 0.556962 -0.009348 0.765643 0.355500
1413393899.955760479 2.561222 0.092557 0.766531 0.598546 0.092557 0.766531 0.291641
1413393900.055760384 2.519756 0.187600 0.764977 0.625744 0.187600 0.764977 0.248600
1413393900.155760527 2.461108 0.258602 0.762478 0.642550 0.258602 0.762478 0.238445
1413393900.255760431 2.393441 0.305223 0.759234 0.658154 0.305223 0.759234 0.253114
1413393900.355760574 2.318484 0.314035 0.756035 0.669430 0.314035 0.756035 0.291090
1413393900.455760479 2.250599 0.306852 0.747976 0.660563 0.306852 0.747976 0.342931
1413393900.555760384 2.191100 0.271050 0.734273 0.637270 0.271050 0.734273 0.392044
1413393900.655760527 2.134321 0.247123 0.716041 0.601690 0.247123 0.716041 0.435843
1413393900.755760431 2.088181 0.227579 0.684686 0.565744 0.227579 0.684686 0.462513
1413393900.855760574 2.035239 0.236428 0.651846 0.545378 0.236428 0.651846 0.460821
1413393900.955760479 1.996179 0.257804 0.611628 0.549898 0.257804 0.611628 0.432085
1413393901.055760384 1.947375 0.305320 0.576920 0.567197 0.305320 0.576920 0.388501
1413393901.155760527 1.892514 0.371150 0.545779 0.599542 0.371150 0.545779 0.353777
1413393901.255760431 1.830156 0.431120 0.518962 0.632307 0.431120 0.518962 0.335928
1413393901.355760574 1.773245 0.478120 0.501449 0.652043 0.478120 0.501449 0.328285
1413393901.455760479 1.722558 0.501001 0.489135 0.662712 0.501001 0.489135 0.322488
1413393901.555760384 1.676265 0.503732 0.485199 0.670560 0.503732 0.485199 0.323841
1413393901.655760527 1.641137 0.477530 0.484525 0.673213 0.477530 0.484525 0.341565
1413393901.755760431 1.613023 0.428113 0.491550 0.663448 0.428113 0.491550 0.376785
1413393901.855760574 1.604991 0.363433 0.501244 0.644392 0.363433 0.501244 0.400317
1413393901.955760479 1.606117 0.295964 0.507943 0.632226 0.295964 0.507943 0.402150
1413393902.055760384 1.617966 0.226670 0.516705 0.628236 0.226670 0.516705 0.399085
1413393902.155760527 1.628777 0.150716 0.525793 0.627792 0.150716 0.525793 0.398809
1413393902.255760431 1.653753 0.076274 0.535766 0.627899 0.076274 0.535766 0.400118
1413393902.355760574 1.684074 0.001788 0.544296 0.628166 0.001788 0.544296 0.401076
1413393902.455760479 1.723801 -0.072852 0.546048 0.625947 -0.072852 0.546048 0.405065
1413393902.555760384 1.771344 -0.148030 0.544114 0.623305 -0.148030 0.544114 0.408234
1413393902.655760527 1.829836 -0.222442 0.549205 0.623485 -0.222442 0.549205 0.407058
1413393902.755760431 1.897927 -0.297634 0.567789 0.623886 -0.297634 0.567789 0.404576
1413393902.855760574 1.972718 -0.367169 0.597661 0.620810 -0.367169 0.597661 0.389113
1413393902.955760479 2.054545 -0.442961 0.630227 0.618199 -0.442961 0.630227 0.362872
1413393903.055760384 2.131642 -0.520263 0.664545 0.614178 -0.520263 0.664545 0.343916
1413393903.155760527 2.199887 -0.605832 0.700963 0.611331 -0.605832 0.700963 0.349080
1413393903.255760431 2.264598 -0.699534 0.736967 0.608275 -0.699534 0.736967 0.364181
1413393903.355760574 2.324567 -0.798382 0.767758 0.602078 -0.798382 0.767758 0.379765
1413393903.455760479 2.385835 -0.902459 0.786766 0.586306 -0.902459 0.786766 0.393767
1413393903.555760384 2.437081 -0.998444 0.782693 -0.562075 -0.998444 0.782693 -0.405145
1413393903.655760527 2.482214 -1.091852 0.769189 -0.530609 -1.091852 0.769189 -0.419578
1413393903.755760431 2.528568 -1.181772 0.759327 -0.502141 -1.181772 0.759327 -0.430955
1413393903.855760574 2.562441 -1.266461 0.749452 -0.481833 -1.266461 0.749452 -0.430886
1413393903.955760479 2.592756 -1.351187 0.744100 -0.465685 -1.351187 0.744100 -0.425867
1413393904.055760384 2.612099 -1.427581 0.742561 -0.456861 -1.427581 0.742561 -0.425026
1413393904.155760527 2.617411 -1.494363 0.737121 -0.457779 -1.494363 0.737121 -0.430428
1413393904.255760431 2.607949 -1.550160 0.725180 -0.464353 -1.550160 0.725180 -0.434580
1413393904.355760574 2.587655 -1.596841 0.726725 -0.467611 -1.596841 0.726725 -0.440547
1413393904.455760479 2.556868 -1.641662 0.745843 -0.465900 -1.641662 0.745843 -0.444421
1413393904.555760384 2.513881 -1.682744 0.781581 -0.461283 -1.682744 0.781581 -0.452945
1413393904.655760527 2.463509 -1.719112 0.815232 -0.467831 -1.719112 0.815232 -0.461448
1413393904.755760431 2.409720 -1.754087 0.838903 -0.469695 -1.754087 0.838903 -0.463176
1413393904.855760574 2.356153 -1.794632 0.855780 -0.461701 -1.794632 0.855780 -0.467984
1413393904.955760479 2.302985 -1.844993 0.867442 -0.442291 -1.844993 0.867442 -0.485574
1413393905.055760384 2.252471 -1.909446 0.872760 0.413515 -1.909446 0.872760 0.512875
1413393905.155760527 2.206569 -1.979011 0.865199 0.384045 -1.979011 0.865199 0.533473
1413393905.255760431 2.168296 -2.050283 0.844810 0.352580 -2.050283 0.844810 0.544974
1413393905.355760574 2.136320 -2.124194 0.820996 0.320768 -2.124194 0.820996 0.551446
1413393905.455760479 2.108672 -2.197561 0.799524 0.292269 -2.197561 0.799524 0.556319
1413393905.555760384 2.086103 -2.269383 0.780625 0.262609 -2.269383 0.780625 0.557685
1413393905.655760527 2.066134 -2.335645 0.763643 0.228886 -2.335645 0.763643 0.554447
1413393905.755760431 2.046025 -2.394796 0.750671 0.193730 -2.394796 0.750671 0.555525
1413393905.855760574 2.023384 -2.443548 0.742417 0.159154 -2.443548 0.742417 0.550116
1413393905.955760479 1.992366 -2.482363 0.735638 0.130982 -2.482363 0.735638 0.535800
1413393906.055760384 1.949898 -2.509608 0.735832 0.113746 -2.509608 0.735832 0.529739
1413393906.155760527 1.895192 -2.527918 0.741488 0.109942 -2.527918 0.741488 0.539841
1413393906.255760431 1.831567 -2.544692 0.741389 0.107414 -2.544692 0.741389 0.562000
1413393906.355760574 1.765326 -2.556744 0.731157 0.101502 -2.556744 0.731157 0.581067
1413393906.455760479 1.702839 -2.567534 0.707178 0.091326 -2.567534 0.707178 0.591363
1413393906.555760384 1.647131 -2.578480 0.669521 0.075934 -2.578480 0.669521 0.597085
1413393906.655760527 1.594755 -2.592478 0.621210 0.053292 -2.592478 0.621210 0.599700
1413393906.755760431 1.546901 -2.606350 0.570012 0.027239 -2.606350 0.570012 0.598902
1413393906.855760574 1.503809 -2.615071 0.522786 0.010022 -2.615071 0.522786 0.602757
1413393906.955760479 1.463001 -2.615481 0.478047 0.004376 -2.615481 0.478047 0.609085
1413393907.055760384 1.428157 -2.606884 0.435749 0.009947 -2.606884 0.435749 0.611177
1413393907.155760527 1.403572 -2.589784 0.392623 0.021676 -2.589784 0.392623 0.608635
1413393907.255760431 1.385565 -2.569522 0.351128 0.037338 -2.569522 0.351128 0.605707
1413393907.355760574 1.372025 -2.554152 0.312299 0.058404 -2.554152 0.312299 0.602891
1413393907.455760479 1.366617 -2.549257 0.281558 0.059979 -2.549257 0.281558 0.597261
1413393907.555760384 1.365956 -2.558170 0.268433 0.043968 -2.558170 0.268433 0.595092
1413393907.655760527 1.367383 -2.574141 0.271807 0.030829 -2.574141 0.271807 0.594946
1413393907.755760431 1.370529 -2.591406 0.267370 0.023817 -2.591406 0.267370 0.590371
1413393907.855760574 1.374642 -2.607274 0.242703 0.019815 -2.607274 0.242703 0.593126
1413393907.955760479 1.380891 -2.620741 0.197576 0.019345 -2.620741 0.197576 0.599340
1413393908.055760384 1.390822 -2.631941 0.142370 0.023064 -2.631941 0.142370 0.603326
1413393908.155760527 1.407332 -2.643437 0.092275 0.025198 -2.643437 0.092275 0.597457
1413393908.255760431 1.429016 -2.655156 0.055726 0.025841 -2.655156 0.055726 0.593278
1413393908.355760574 1.454544 -2.668133 0.033146 0.024734 -2.668133 0.033146 0.603668
1413393908.455760479 1.482686 -2.682114 0.011951 0.022611 -2.682114 0.011951 0.605600
1413393908.555760384 1.514276 -2.697405 -0.008975 0.020645 -2.697405 -0.008975 0.599414
1413393908.655760527 1.547726 -2.713905 -0.028549 0.013986 -2.713905 -0.028549 0.591236
1413393908.755760431 1.583047 -2.727916 -0.044852 -0.009263 -2.727916 -0.044852 0.587738
1413393908.855760574 1.618137 -2.733311 -0.048574 -0.023508 -2.733311 -0.048574 0.597895
1413393908.955760479 1.657115 -2.724246 -0.037847 -0.011263 -2.724246 -0.037847 0.606490
1413393909.055760384 1.700931 -2.707974 -0.020879 0.004549 -2.707974 -0.020879 0.601841
1413393909.155760527 1.749148 -2.690720 0.002191 0.012945 -2.690720 0.002191 0.596271
1413393909.255760431 1.800851 -2.675521 0.023527 0.014285 -2.675521 0.023527 0.595863
1413393909.355760574 1.855681 -2.664342 0.038005 0.014280 -2.664342 0.038005 0.596975
1413393909.455760479 1.910208 -2.655340 0.040969 0.012164 -2.655340 0.040969 0.595896
1413393909.555760384 1.972102 -2.651382 0.034470 0.009276 -2.651382 0.034470 0.592587
1413393909.655760527 2.032000 -2.650797 0.012385 0.006255 -2.650797 0.012385 0.578762
1413393909.755760431 2.095307 -2.653019 -0.016774 0.002217 -2.653019 -0.016774 0.559555
1413393909.855760574 2.151917 -2.659321 -0.054050 -0.002697 -2.659321 -0.054050 0.544980
1413393909.955760479 2.195353 -2.669984 -0.099548 -0.007677 -2.669984 -0.099548 0.533228
1413393910.055760384 2.224702 -2.688397 -0.147020 -0.012298 -2.688397 -0.147020 0.523656
1413393910.155760527 2.234009 -2.709848 -0.183793 -0.019800 -2.709848 -0.183793 0.515802
1413393910.255760431 2.217841 -2.736759 -0.201181 -0.024421 -2.736759 -0.201181 0.510039
1413393910.355760574 2.178427 -2.762922 -0.201826 -0.030974 -2.762922 -0.201826 0.500740
1413393910.455760479 2.122426 -2.789851 -0.190200 0.044324 -2.789851 -0.190200 -0.489701
1413393910.555760384 2.046651 -2.812546 -0.177443 0.051137 -2.812546 -0.177443 -0.483813
1413393910.655760527 1.954116 -2.830076 -0.171230 0.048905 -2.830076 -0.171230 -0.491785
1413393910.755760431 1.844823 -2.841083 -0.174568 -0.046098 -2.841083 -0.174568 0.507554
1413393910.855760574 1.721429 -2.846494 -0.188226 -0.036234 -2.846494 -0.188226 0.522222
1413393910.955760479 1.585014 -2.847233 -0.207915 -0.022286 -2.847233 -0.207915 0.541916
1413393911.055760384 1.440352 -2.844206 -0.234700 -0.007703 -2.844206 -0.234700 0.561487
1413393911.155760527 1.294036 -2.839345 -0.266646 0.004152 -2.839345 -0.266646 0.572961
1413393911.255760431 1.148392 -2.832252 -0.299072 0.014296 -2.832252 -0.299072 0.579426
1413393911.355760574 1.005730 -2.822329 -0.330234 0.021031 -2.822329 -0.330234 0.590228
1413393911.455760479 0.867351 -2.811363 -0.357079 0.026239 -2.811363 -0.357079 0.607364
1413393911.555760384 0.737128 -2.801702 -0.379063 0.029141 -2.801702 -0.379063 0.616341
1413393911.655760527 0.618923 -2.794717 -0.385722 0.028726 -2.794717 -0.385722 0.624682
1413393911.755760431 0.515103 -2.791446 -0.378307 0.026043 -2.791446 -0.378307 0.621409
1413393911.855760574 0.424902 -2.794560 -0.357608 0.022749 -2.794560 -0.357608 0.602361
1413393911.955760479 0.343469 -2.802378 -0.324385 0.006183 -2.802378 -0.324385 0.576153
1413393912.055760384 0.257498 -2.810336 -0.276185 -0.010946 -2.810336 -0.276185 0.541166
1413393912.155760527 0.162040 -2.812892 -0.214872 -0.021608 -2.812892 -0.214872 0.516136
1413393912.255760431 0.052646 -2.808074 -0.150124 -0.027336 -2.808074 -0.150124 0.501684
1413393912.355760574 -0.076056 -2.794633 -0.084262 -0.031042 -2.794633 -0.084262 0.500020
1413393912.455760479 -0.222095 -2.772891 -0.013569 -0.032777 -2.772891 -0.013569 0.519900
1413393912.555760384 -0.380012 -2.744178 0.054265 -0.031670 -2.744178 0.054265 0.546969
1413393912.655760527 -0.542839 -2.710639 0.109148 -0.027618 -2.710639 0.109148 0.565144
1413393912.755760431 -0.704362 -2.671450 0.149863 -0.021006 -2.671450 0.149863 0.580833
1413393912.855760574 -0.867344 -2.629047 0.179347 -0.017666 -2.629047 0.179347 0.591938
1413393912.955760479 -1.024927 -2.583278 0.199709 -0.023793 -2.583278 0.199709 0.596178
1413393913.055760384 -1.176950 -2.533372 0.208441 -0.044677 -2.533372 0.208441 0.597276
1413393913.155760527 -1.323584 -2.480042 0.210118 -0.073737 -2.480042 0.210118 0.603557
1413393913.255760431 -1.463894 -2.422008 0.205276 -0.107196 -2.422008 0.205276 0.609125
1413393913.355760574 -1.593087 -2.356179 0.191417 -0.141399 -2.356179 0.191417 0.606502
1413393913.455760479 -1.710083 -2.281537 0.174598 -0.179045 -2.281537 0.174598 0.604353
1413393913.555760384 -1.809667 -2.194820 0.163826 -0.213960 -2.194820 0.163826 0.607944
1413393913.655760527 -1.896395 -2.096225 0.161620 -0.244051 -2.096225 0.161620 0.613179
1413393913.755760431 -1.964707 -1.986851 0.169657 -0.271798 -1.986851 0.169657 0.616161
1413393913.855760574 -2.015962 -1.871501 0.182853 -0.300085 -1.871501 0.182853 0.614593
1413393913.955760479 -2.042278 -1.756913 0.198339 -0.327986 -1.756913 0.198339 0.608067
1413393914.055760384 -2.048563 -1.643254 0.220663 -0.347748 -1.643254 0.220663 0.601375
1413393914.155760527 -2.034640 -1.535312 0.244427 -0.365618 -1.535312 0.244427 0.582818
1413393914.255760431 -1.998198 -1.440061 0.268030 -0.390235 -1.440061 0.268030 0.549040
1413393914.355760574 -1.955837 -1.350496 0.280482 -0.418021 -1.350496 0.280482 0.521558
1413393914.455760479 -1.915334 -1.268412 0.305774 -0.448419 -1.268412 0.305774 0.501022
1413393914.555760384 -1.876399 -1.188429 0.335143 0.478084 -1.188429 0.335143 -0.488267
1413393914.655760527 -1.859904 -1.070032 0.340621 0.503191 -1.070032 0.340621 -0.481965
1413393914.755760431 -1.793697 -1.031920 0.400513 0.532219 -1.031920 0.400513 -0.472949
1413393914.855760574 -1.742679 -0.957555 0.433230 0.558771 -0.957555 0.433230 -0.461267
1413393914.955760479 -1.683812 -0.880353 0.466465 0.573659 -0.880353 0.466465 -0.440794
1413393915.055760384 -1.622871 -0.801136 0.499232 0.582677 -0.801136 0.499232 -0.417800
1413393915.155760527 -1.561259 -0.719568 0.530307 0.588063 -0.719568 0.530307 -0.402246
1413393915.255760431 -1.498863 -0.627992 0.558974 0.590095 -0.627992 0.558974 -0.394588
1413393915.355760574 -1.441901 -0.532101 0.577333 0.584087 -0.532101 0.577333 -0.395165
1413393915.455760479 -1.390916 -0.433455 0.587973 0.562900 -0.433455 0.587973 -0.399395
1413393915.555760384 -1.347248 -0.331773 0.598830 0.542137 -0.331773 0.598830 -0.405029
1413393915.655760527 -1.312075 -0.229451 0.609742 0.532684 -0.229451 0.609742 -0.416077
1413393915.755760431 -1.288880 -0.136924 0.619417 0.525339 -0.136924 0.619417 -0.421459
1413393915.855760574 -1.271507 -0.045223 0.630289 0.518403 -0.045223 0.630289 -0.421247
1413393915.955760479 -1.262621 0.044630 0.640842 0.513777 0.044630 0.640842 -0.420874
1413393916.055760384 -1.265434 0.125186 0.652667 0.507139 0.125186 0.652667 -0.421497
1413393916.155760527 -1.279304 0.199323 0.667350 0.501103 0.199323 0.667350 -0.421499
1413393916.255760431 -1.302507 0.268802 0.682730 0.504709 0.268802 0.682730 -0.426235
1413393916.355760574 -1.332867 0.334197 0.698083 0.521383 0.334197 0.698083 -0.429494
1413393916.455760479 -1.366784 0.396742 0.716527 0.543889 0.396742 0.716527 -0.423502
1413393916.555760384 -1.402370 0.450716 0.737625 0.568346 0.450716 0.737625 -0.411653
1413393916.655760527 -1.439071 0.501275 0.759088 0.597017 0.501275 0.759088 -0.389540
1413393916.755760431 -1.477255 0.548657 0.781502 0.627924 0.548657 0.781502 -0.364477
1413393916.855760574 -1.515200 0.592239 0.801828 0.652561 0.592239 0.801828 -0.344046
1413393916.955760479 -1.554054 0.640333 0.824636 0.675911 0.640333 0.824636 -0.330059
1413393917.055760384 -1.592246 0.689025 0.851210 0.698291 0.689025 0.851210 -0.324438
1413393917.155760527 -1.626723 0.734819 0.879077 0.717530 0.734819 0.879077 -0.313479
1413393917.255760431 -1.656559 0.777512 0.907425 0.736745 0.777512 0.907425 -0.297723
1413393917.355760574 -1.680332 0.814974 0.935594 0.758434 0.814974 0.935594 -0.272681
1413393917.455760479 -1.696701 0.843934 0.956348 0.778778 0.843934 0.956348 -0.247468
1413393917.555760384 -1.702636 0.867171 0.967270 0.797221 0.867171 0.967270 -0.219243
1413393917.655760527 -1.700988 0.884777 0.967164 0.812344 0.884777 0.967164 -0.181968
1413393917.755760431 -1.690199 0.894689 0.959989 0.819242 0.894689 0.959989 -0.142201
1413393917.855760574 -1.673359 0.902184 0.951273 0.817286 0.902184 0.951273 -0.107722
1413393917.955760479 -1.653146 0.906230 0.942950 0.817654 0.906230 0.942950 -0.082666
1413393918.055760384 -1.630776 0.904962 0.938371 0.818548 0.904962 0.938371 -0.060979
1413393918.155760527 -1.605698 0.896982 0.934540 0.819783 0.896982 0.934540 -0.039203
1413393918.255760431 -1.578210 0.883620 0.932661 0.820933 0.883620 0.932661 -0.018333
1413393918.355760574 -1.548625 0.860238 0.934555 0.819068 0.860238 0.934555 0.003957
1413393918.455760479 -1.518281 0.823865 0.936446 0.815337 0.823865 0.936446 0.029639
1413393918.555760384 -1.487023 0.774629 0.941426 0.808932 0.774629 0.941426 0.055809
1413393918.655760527 -1.453186 0.713280 0.947776 0.795275 0.713280 0.947776 0.088231
1413393918.755760431 -1.424538 0.641083 0.955407 0.775499 0.641083 0.955407 0.117565
1413393918.855760574 -1.399365 0.559932 0.962890 0.747495 0.559932 0.962890 0.144526
1413393918.955760479 -1.382396 0.467682 0.972412 0.713501 0.467682 0.972412 0.187190
1413393919.055760384 -1.377435 0.369488 0.982390 0.680678 0.369488 0.982390 0.236722
1413393919.155760527 -1.386370 0.271020 0.993370 0.648438 0.271020 0.993370 0.281017
1413393919.255760431 -1.411364 0.178179 1.006263 0.610919 0.178179 1.006263 0.320344
1413393919.355760574 -1.445401 0.092762 1.020188 0.567835 0.092762 1.020188 0.356702
1413393919.455760479 -1.495123 0.022994 1.023635 -0.528697 0.022994 1.023635 -0.377970
1413393919.555760384 -1.556284 -0.034734 1.013571 -0.501865 -0.034734 1.013571 -0.387656
1413393919.655760527 -1.631168 -0.076717 0.995349 -0.481369 -0.076717 0.995349 -0.399121
1413393919.755760431 -1.718415 -0.110240 0.968247 -0.469721 -0.110240 0.968247 -0.420867
1413393919.855760574 -1.814667 -0.124023 0.935009 -0.468785 -0.124023 0.935009 -0.453470
1413393919.955760479 -1.914888 -0.117851 0.891775 -0.476507 -0.117851 0.891775 -0.475858
1413393920.055760384 -2.008501 -0.092519 0.836020 -0.486806 -0.092519 0.836020 -0.480712
1413393920.155760527 -2.095483 -0.051933 0.773995 -0.494729 -0.051933 0.773995 -0.479647
1413393920.255760431 -2.179807 -0.002873 0.705309 -0.500518 -0.002873 0.705309 -0.476986
1413393920.355760574 -2.261920 0.057036 0.637653 -0.506527 0.057036 0.637653 -0.473112
1413393920.455760479 -2.342222 0.122550 0.571635 -0.517114 0.122550 0.571635 -0.460927
1413393920.555760384 -2.418892 0.193118 0.510244 -0.527432 0.193118 0.510244 -0.449959
1413393920.655760527 -2.490793 0.264412 0.453714 -0.535186 0.264412 0.453714 -0.444286
1413393920.755760431 -2.558770 0.335338 0.400542 -0.539902 0.335338 0.400542 -0.443072
1413393920.855760574 -2.622613 0.405630 0.347637 -0.543497 0.405630 0.347637 -0.442075
1413393920.955760479 -2.680783 0.473891 0.295172 -0.551660 0.473891 0.295172 -0.436988
1413393921.055760384 -2.732800 0.538880 0.242841 -0.562026 0.538880 0.242841 -0.425554
1413393921.155760527 -2.777663 0.594963 0.194235 -0.570081 0.594963 0.194235 -0.415838
1413393921.255760431 -2.817952 0.638539 0.151176 -0.575638 0.638539 0.151176 -0.412290
1413393921.355760574 -2.850397 0.668559 0.112573 -0.576251 0.668559 0.112573 -0.409504
1413393921.455760479 -2.878434 0.684393 0.080567 -0.570492 0.684393 0.080567 -0.412891
1413393921.555760384 -2.901236 0.687364 0.054397 -0.560409 0.687364 0.054397 -0.424883
1413393921.655760527 -2.921216 0.684784 0.025796 -0.552576 0.684784 0.025796 -0.435220
1413393921.755760431 -2.934961 0.678704 -0.011575 -0.547707 0.678704 -0.011575 -0.440791
1413393921.855760574 -2.944193 0.669949 -0.058298 -0.543516 0.669949 -0.058298 -0.447172
1413393921.955760479 -2.950122 0.662884 -0.111453 -0.535091 0.662884 -0.111453 -0.458742
1413393922.055760384 -2.950887 0.657933 -0.165108 -0.532510 0.657933 -0.165108 -0.461179
1413393922.155760527 -2.946829 0.658266 -0.222116 -0.537689 0.658266 -0.222116 -0.453027
1413393922.255760431 -2.939214 0.660828 -0.281027 -0.548942 0.660828 -0.281027 -0.433652
1413393922.355760574 -2.928689 0.658746 -0.339292 -0.557879 0.658746 -0.339292 -0.413327
1413393922.455760479 -2.916324 0.643836 -0.390949 -0.559515 0.643836 -0.390949 -0.397919
1413393922.555760384 -2.904502 0.613326 -0.436276 -0.547192 0.613326 -0.436276 -0.391532
1413393922.655760527 -2.896885 0.568876 -0.476723 -0.530871 0.568876 -0.476723 -0.392171
1413393922.755760431 -2.896444 0.515727 -0.515110 -0.522316 0.515727 -0.515110 -0.394466
1413393922.855760574 -2.904434 0.456732 -0.552132 -0.526021 0.456732 -0.552132 -0.395619
1413393922.955760479 -2.920046 0.391113 -0.579749 -0.537634 0.391113 -0.579749 -0.396681
1413393923.055760384 -2.941049 0.317355 -0.595302 -0.551724 0.317355 -0.595302 -0.402914
1413393923.155760527 -2.963353 0.230364 -0.595541 -0.558653 0.230364 -0.595541 -0.406065
1413393923.255760431 -2.984304 0.125583 -0.583925 -0.559407 0.125583 -0.583925 -0.409123
1413393923.355760574 -3.002656 0.005628 -0.569266 -0.547830 0.005628 -0.569266 -0.406340
1413393923.455760479 -3.020908 -0.124657 -0.552819 -0.534984 -0.124657 -0.552819 -0.393155
1413393923.555760384 -3.044464 -0.261530 -0.535091 -0.533717 -0.261530 -0.535091 -0.382248
1413393923.655760527 -3.078609 -0.401838 -0.518643 -0.552493 -0.401838 -0.518643 -0.372270
1413393923.755760431 -3.117161 -0.540204 -0.496805 0.588376 -0.540204 -0.496805 0.365990
1413393923.855760574 -3.162471 -0.677805 -0.479671 0.625735 -0.677805 -0.479671 0.351230
1413393923.955760479 -3.209727 -0.814906 -0.462345 0.657198 -0.814906 -0.462345 0.332372
1413393924.055760384 -3.257584 -0.953097 -0.449254 0.684501 -0.953097 -0.449254 0.310774
1413393924.155760527 -3.302437 -1.095006 -0.433301 0.711410 -1.095006 -0.433301 0.300107
1413393924.255760431 -3.340707 -1.241092 -0.416124 0.735604 -1.241092 -0.416124 0.306228
1413393924.355760574 -3.368349 -1.385838 -0.398428 0.754589 -1.385838 -0.398428 0.315515
1413393924.455760479 -3.378858 -1.525182 -0.378980 0.768052 -1.525182 -0.378980 0.328842
1413393924.555760384 -3.365106 -1.648174 -0.354502 0.774743 -1.648174 -0.354502 0.340817
1413393924.655760527 -3.327159 -1.752440 -0.323206 0.772388 -1.752440 -0.323206 0.355795
1413393924.755760431 -3.259904 -1.833616 -0.279547 0.764716 -1.833616 -0.279547 0.371091
1413393924.855760574 -3.162618 -1.882939 -0.223479 0.758497 -1.882939 -0.223479 0.371415
1413393924.955760479 -3.037384 -1.906416 -0.151388 0.755437 -1.906416 -0.151388 0.339921
1413393925.055760384 -2.891373 -1.908714 -0.062636 0.753165 -1.908714 -0.062636 0.299338
1413393925.155760527 -2.732660 -1.898839 0.038719 0.753545 -1.898839 0.038719 0.258924
1413393925.255760431 -2.567197 -1.885106 0.142488 0.758832 -1.885106 0.142488 0.211575
1413393925.355760574 -2.400265 -1.877512 0.247787 0.766811 -1.877512 0.247787 0.178701
1413393925.455760479 -2.233630 -1.885093 0.355082 0.772435 -1.885093 0.355082 0.171395
1413393925.555760384 -2.069043 -1.903037 0.462026 0.774480 -1.903037 0.462026 0.171173
1413393925.655760527 -1.903377 -1.931366 0.559499 0.774854 -1.931366 0.559499 0.167992
1413393925.755760431 -1.734405 -1.966502 0.632683 0.775937 -1.966502 0.632683 0.169190
1413393925.855760574 -1.567032 -2.005368 0.673515 0.774112 -2.005368 0.673515 0.171621
1413393925.955760479 -1.404634 -2.046797 0.689866 0.768039 -2.046797 0.689866 0.176575
1413393926.055760384 -1.249302 -2.088921 0.684328 0.756179 -2.088921 0.684328 0.181019
1413393926.155760527 -1.105159 -2.130934 0.673849 0.744913 -2.130934 0.673849 0.180953
1413393926.255760431 -0.971507 -2.170539 0.665675 0.741661 -2.170539 0.665675 0.177599
1413393926.355760574 -0.841632 -2.210920 0.661948 0.746133 -2.210920 0.661948 0.172494
1413393926.455760479 -0.723367 -2.250857 0.662499 0.752642 -2.250857 0.662499 0.169223
1413393926.555760384 -0.612015 -2.288813 0.663023 0.752007 -2.288813 0.663023 0.169225
1413393926.655760527 -0.505870 -2.327955 0.645740 0.752276 -2.327955 0.645740 0.168333
1413393926.755760431 -0.407953 -2.363567 0.627218 0.757600 -2.363567 0.627218 0.162472
1413393926.855760574 -0.321509 -2.394358 0.620712 0.766008 -2.394358 0.620712 0.149837
1413393926.955760479 -0.242824 -2.421091 0.629090 0.779321 -2.421091 0.629090 0.131772
1413393927.055760384 -0.169113 -2.446385 0.653305 0.794396 -2.446385 0.653305 0.111950
1413393927.155760527 -0.098802 -2.475660 0.690004 0.803090 -2.475660 0.690004 0.089766
1413393927.255760431 -0.029980 -2.510845 0.729901 0.808130 -2.510845 0.729901 0.069345
1413393927.355760574 0.039891 -2.554568 0.770415 0.818492 -2.554568 0.770415 0.059134
1413393927.455760479 0.114197 -2.608876 0.814431 0.825536 -2.608876 0.814431 0.068260
1413393927.555760384 0.196374 -2.669860 0.862177 0.826150 -2.669860 0.862177 0.088170
1413393927.655760527 0.284447 -2.729371 0.911946 0.824690 -2.729371 0.911946 0.105026
1413393927.755760431 0.379174 -2.781444 0.964001 0.817783 -2.781444 0.964001 0.120141
1413393927.855760574 0.480460 -2.821490 1.018785 0.808798 -2.821490 1.018785 0.132005
1413393927.955760479 0.583721 -2.843286 1.074534 0.803099 -2.843286 1.074534 0.132463
1413393928.055760384 0.688375 -2.848578 1.124282 0.799558 -2.848578 1.124282 0.133950
1413393928.155760527 0.792401 -2.836301 1.167103 0.796534 -2.836301 1.167103 0.135641
1413393928.255760431 0.891686 -2.804211 1.200385 0.797849 -2.804211 1.200385 0.132005
1413393928.355760574 0.988851 -2.755390 1.227250 0.800720 -2.755390 1.227250 0.105989
1413393928.455760479 1.082217 -2.693872 1.247655 0.797553 -2.693872 1.247655 0.078469
1413393928.555760384 1.170393 -2.626311 1.260326 0.790919 -2.626311 1.260326 0.060353
1413393928.655760527 1.248735 -2.556221 1.270233 0.779355 -2.556221 1.270233 0.053170
1413393928.755760431 1.315559 -2.485981 1.279749 0.775914 -2.485981 1.279749 0.055814
1413393928.855760574 1.363832 -2.415501 1.289662 0.776424 -2.415501 1.289662 0.070979
1413393928.955760479 1.405133 -2.343381 1.300673 0.776824 -2.343381 1.300673 0.092581
1413393929.055760384 1.433109 -2.269023 1.311860 0.777885 -2.269023 1.311860 0.112894
1413393929.155760527 1.454885 -2.188296 1.326469 0.777186 -2.188296 1.326469 0.132281
1413393929.255760431 1.471307 -2.098261 1.343132 0.778031 -2.098261 1.343132 0.148949
1413393929.355760574 1.482159 -2.001092 1.361069 0.778101 -2.001092 1.361069 0.158965
1413393929.455760479 1.490534 -1.895447 1.383138 0.774274 -1.895447 1.383138 0.169469
1413393929.555760384 1.494931 -1.785653 1.406951 0.769586 -1.785653 1.406951 0.186238
1413393929.655760527 1.496476 -1.672959 1.433032 0.762157 -1.672959 1.433032 0.207630
1413393929.755760431 1.498752 -1.560959 1.460406 0.751716 -1.560959 1.460406 0.227607
1413393929.855760574 1.499701 -1.449622 1.489254 0.736953 -1.449622 1.489254 0.237171
1413393929.955760479 1.499404 -1.340799 1.519108 0.717360 -1.340799 1.519108 0.237865
1413393930.055760384 1.495444 -1.235425 1.546608 0.698659 -1.235425 1.546608 0.241262
1413393930.155760527 1.487136 -1.134491 1.566781 0.683554 -1.134491 1.566781 0.248314
1413393930.255760431 1.470686 -1.040419 1.577484 0.674429 -1.040419 1.577484 0.257930
1413393930.355760574 1.446872 -0.951986 1.578486 0.675192 -0.951986 1.578486 0.277183
1413393930.455760479 1.418341 -0.869187 1.567161 0.682256 -0.869187 1.567161 0.298309
1413393930.555760384 1.389580 -0.788090 1.536873 0.686194 -0.788090 1.536873 0.309470
1413393930.655760527 1.361539 -0.710460 1.483392 0.682043 -0.710460 1.483392 0.306534
1413393930.755760431 1.334436 -0.634534 1.413048 0.675527 -0.634534 1.413048 0.301059
1413393930.855760574 1.306765 -0.559825 1.343549 0.671826 -0.559825 1.343549 0.297267
1413393930.955760479 1.272402 -0.488089 1.283533 0.675065 -0.488089 1.283533 0.295800
1413393931.055760384 1.233966 -0.417672 1.240322 0.678944 -0.417672 1.240322 0.293151
1413393931.155760527 1.192529 -0.346453 1.214100 0.681902 -0.346453 1.214100 0.288471
1413393931.255760431 1.144375 -0.274126 1.199832 0.685720 -0.274126 1.199832 0.281840
1413393931.355760574 1.094853 -0.206854 1.179796 0.687282 -0.206854 1.179796 0.273450
1413393931.455760479 1.043762 -0.148804 1.150465 0.687002 -0.148804 1.150465 0.262810
1413393931.555760384 0.988254 -0.096962 1.112821 0.686027 -0.096962 1.112821 0.255060
1413393931.655760527 0.926691 -0.048754 1.064706 0.686414 -0.048754 1.064706 0.251021
1413393931.755760431 0.862117 -0.010057 1.012022 0.687169 -0.010057 1.012022 0.250056
1413393931.855760574 0.789743 0.020891 0.953786 0.688634 0.020891 0.953786 0.250696
1413393931.955760479 0.711320 0.042973 0.896029 0.690187 0.042973 0.896029 0.251646
1413393932.055760384 0.627989 0.057483 0.844458 0.693264 0.057483 0.844458 0.255165
1413393932.155760527 0.540670 0.064075 0.798344 0.698923 0.064075 0.798344 0.262172
1413393932.255760431 0.451070 0.065040 0.755607 0.705527 0.065040 0.755607 0.274212
1413393932.355760574 0.361725 0.061644 0.716623 0.710966 0.061644 0.716623 0.284710
1413393932.455760479 0.276441 0.054737 0.679384 0.714275 0.054737 0.679384 0.290969
1413393932.555760384 0.196175 0.045358 0.644553 0.715142 0.045358 0.644553 0.296543
1413393932.655760527 0.124573 0.033998 0.615745 0.711737 0.033998 0.615745 0.302433
1413393932.755760431 0.057105 0.022997 0.588915 0.708008 0.022997 0.588915 0.305701
1413393932.855760574 -0.005599 0.011277 0.565619 0.705636 0.011277 0.565619 0.310287
1413393932.955760479 -0.059618 -0.000129 0.548128 0.701091 -0.000129 0.548128 0.317922
1413393933.055760384 -0.106618 -0.007482 0.535875 0.691065 -0.007482 0.535875 0.327297
1413393933.155760527 -0.147311 -0.007709 0.525900 0.682147 -0.007709 0.525900 0.332111
1413393933.255760431 -0.184673 0.001944 0.518869 0.676460 0.001944 0.518869 0.325700
1413393933.355760574 -0.222391 0.021642 0.515869 0.669904 0.021642 0.515869 0.310205
1413393933.455760479 -0.266369 0.052638 0.515989 0.666673 0.052638 0.515989 0.288624
1413393933.555760384 -0.315388 0.084374 0.515773 0.668935 0.084374 0.515773 0.263781
1413393933.655760527 -0.373733 0.114816 0.510073 0.673041 0.114816 0.510073 0.251789
1413393933.755760431 -0.441498 0.141002 0.499175 0.682280 0.141002 0.499175 0.261594
1413393933.855760574 -0.515930 0.165598 0.480058 0.691695 0.165598 0.480058 0.276193
1413393933.955760479 -0.591075 0.186658 0.454850 0.695126 0.186658 0.454850 0.286514
1413393934.055760384 -0.665112 0.207657 0.438079 0.689424 0.207657 0.438079 0.305719
1413393934.155760527 -0.738945 0.229842 0.435616 0.685216 0.229842 0.435616 0.317706
1413393934.255760431 -0.810800 0.259983 0.440692 0.685513 0.259983 0.440692 0.317208
1413393934.355760574 -0.880657 0.296945 0.442087 0.688177 0.296945 0.442087 0.304215
1413393934.455760479 -0.950035 0.335964 0.429797 0.690916 0.335964 0.429797 0.286157
1413393934.555760384 -1.020551 0.374718 0.404389 0.691797 0.374718 0.404389 0.271120
1413393934.655760527 -1.095078 0.411981 0.370270 0.689517 0.411981 0.370270 0.258842
1413393934.755760431 -1.177307 0.446972 0.328171 0.686477 0.446972 0.328171 0.242810
1413393934.855760574 -1.261396 0.472644 0.277610 0.688968 0.472644 0.277610 0.217039
1413393934.955760479 -1.347171 0.486656 0.220665 0.705927 0.486656 0.220665 0.197632
1413393935.055760384 -1.440088 0.488748 0.158270 0.736443 0.488748 0.158270 0.202136
1413393935.155760527 -1.528320 0.477657 0.097164 0.765438 0.477657 0.097164 0.204596
1413393935.255760431 -1.607676 0.459637 0.049795 0.787227 0.459637 0.049795 0.193764
1413393935.355760574 -1.680339 0.435740 0.015169 0.802264 0.435740 0.015169 0.173295
1413393935.455760479 -1.740777 0.405149 -0.003616 0.813078 0.405149 -0.003616 0.156726
1413393935.555760384 -1.788032 0.372494 -0.007334 0.821246 0.372494 -0.007334 0.143028
1413393935.655760527 -1.816423 0.339347 0.001009 0.829208 0.339347 0.001009 0.137229
1413393935.755760431 -1.829825 0.309456 0.011258 0.834270 0.309456 0.011258 0.141538
1413393935.855760574 -1.828575 0.289384 0.022590 0.835619 0.289384 0.022590 0.150384
1413393935.955760479 -1.813234 0.285233 0.033730 0.835538 0.285233 0.033730 0.134772
1413393936.055760384 -1.785911 0.297924 0.049040 0.834560 0.297924 0.049040 0.090988
1413393936.155760527 -1.749702 0.323083 0.067207 0.831697 0.323083 0.067207 0.041152
1413393936.255760431 -1.704259 0.353977 0.086663 0.829826 0.353977 0.086663 -0.010205
1413393936.355760574 -1.652291 0.384005 0.106791 0.828845 0.384005 0.106791 -0.055116
1413393936.455760479 -1.595515 0.408533 0.127517 0.826138 0.408533 0.127517 -0.089408
1413393936.555760384 -1.533804 0.424698 0.151892 0.815990 0.424698 0.151892 -0.109632
1413393936.655760527 -1.469931 0.436004 0.177864 0.799176 0.436004 0.177864 -0.127786
1413393936.755760431 -1.407985 0.442605 0.205063 0.781577 0.442605 0.205063 -0.146142
1413393936.855760574 -1.351473 0.444564 0.233220 0.767408 0.444564 0.233220 -0.163355
1413393936.955760479 -1.304337 0.438043 0.263431 0.753016 0.438043 0.263431 -0.179859
1413393937.055760384 -1.265490 0.431232 0.296789 0.736762 0.431232 0.296789 -0.194228
1413393937.155760527 -1.239183 0.422036 0.331839 0.721833 0.422036 0.331839 -0.211865
1413393937.255760431 -1.226171 0.408732 0.368445 0.707430 0.408732 0.368445 -0.231666
1413393937.355760574 -1.228270 0.390947 0.407304 0.696128 0.390947 0.407304 -0.250741
1413393937.455760479 -1.239524 0.368409 0.446793 0.691430 0.368409 0.446793 -0.262692
1413393937.555760384 -1.259444 0.341628 0.472128 0.700684 0.341628 0.472128 -0.268898
1413393937.655760527 -1.283646 0.313200 0.478355 0.710770 0.313200 0.478355 -0.276016
1413393937.755760431 -1.308380 0.283834 0.473685 0.721681 0.283834 0.473685 -0.277845
1413393937.855760574 -1.331733 0.256948 0.469754 0.731729 0.256948 0.469754 -0.277060
1413393937.955760479 -1.351010 0.234028 0.472753 0.729352 0.234028 0.472753 -0.274326
1413393938.055760384 -1.366259 0.216239 0.479022 0.720489 0.216239 0.479022 -0.267122
1413393938.155760527 -1.382551 0.203655 0.489306 0.703143 0.203655 0.489306 -0.256040
1413393938.255760431 -1.407755 0.195133 0.503968 0.680880 0.195133 0.503968 -0.248279
1413393938.355760574 -1.446548 0.191231 0.521084 0.667483 0.191231 0.521084 -0.259107
1413393938.455760479 -1.499886 0.191631 0.539841 0.664001 0.191631 0.539841 -0.290287
1413393938.555760384 -1.564637 0.191605 0.559798 0.661542 0.191605 0.559798 -0.321449
1413393938.655760527 -1.634768 0.188952 0.573882 0.656119 0.188952 0.573882 -0.345707
1413393938.755760431 -1.706626 0.181550 0.574389 0.649649 0.181550 0.574389 -0.364884
1413393938.855760574 -1.778914 0.165983 0.567816 0.633732 0.165983 0.567816 -0.380465
1413393938.955760479 -1.849734 0.142859 0.561709 0.617085 0.142859 0.561709 -0.390506
1413393939.055760384 -1.920177 0.112243 0.560158 0.602092 0.112243 0.560158 -0.399340
1413393939.155760527 -1.989247 0.074271 0.568163 0.575203 0.074271 0.568163 -0.422857
1413393939.255760431 -2.057982 0.024582 0.572047 0.565891 0.024582 0.572047 -0.428320
1413393939.355760574 -2.126529 -0.035551 0.569230 0.577603 -0.035551 0.569230 -0.411263
1413393939.455760479 -2.194719 -0.097184 0.557107 0.605614 -0.097184 0.557107 -0.384589
1413393939.555760384 -2.260212 -0.149314 0.538141 0.634857 -0.149314 0.538141 -0.361939
1413393939.655760527 -2.317566 -0.181020 0.512924 0.656701 -0.181020 0.512924 -0.343278
1413393939.755760431 -2.367414 -0.185941 0.487138 0.659584 -0.185941 0.487138 -0.327913
1413393939.855760574 -2.407163 -0.153354 0.465394 0.640121 -0.153354 0.465394 -0.345303
1413393939.955760479 -2.439857 -0.095103 0.454089 0.604751 -0.095103 0.454089 -0.396679
1413393940.055760384 -2.472177 -0.037347 0.447782 0.567821 -0.037347 0.447782 -0.449947
1413393940.155760527 -2.500661 0.005346 0.441172 0.541794 0.005346 0.441172 -0.491196
1413393940.255760431 -2.524871 0.016003 0.434243 -0.529413 0.016003 0.434243 0.511798
1413393940.355760574 -2.543999 -0.007647 0.423926 0.546550 -0.007647 0.423926 -0.493815
1413393940.455760479 -2.555407 -0.058748 0.411988 0.581098 -0.058748 0.411988 -0.448697
1413393940.555760384 -2.562680 -0.120652 0.399089 0.624450 -0.120652 0.399089 -0.397785
1413393940.655760527 -2.563601 -0.175658 0.395057 0.658050 -0.175658 0.395057 -0.366957
1413393940.755760431 -2.550641 -0.206540 0.401024 0.681426 -0.206540 0.401024 -0.359118
1413393940.855760574 -2.519094 -0.208475 0.421127 0.681354 -0.208475 0.421127 -0.370472
1413393940.955760479 -2.467218 -0.184370 0.451256 0.654203 -0.184370 0.451256 -0.389137
1413393941.055760384 -2.404864 -0.146797 0.485304 0.616544 -0.146797 0.485304 -0.421725
1413393941.155760527 -2.337976 -0.112417 0.520483 0.580101 -0.112417 0.520483 -0.453342
1413393941.255760431 -2.268201 -0.096240 0.550930 0.558579 -0.096240 0.550930 -0.469917
1413393941.355760574 -2.194256 -0.103931 0.570103 0.568175 -0.103931 0.570103 -0.455994
1413393941.455760479 -2.122289 -0.128621 0.585057 0.593285 -0.128621 0.585057 -0.425799
1413393941.555760384 -2.050697 -0.160779 0.598786 0.619891 -0.160779 0.598786 -0.388131
1413393941.655760527 -1.977593 -0.186406 0.615139 0.638115 -0.186406 0.615139 -0.358554
1413393941.755760431 -1.899630 -0.193219 0.630896 0.650158 -0.193219 0.630896 -0.337362
1413393941.855760574 -1.818104 -0.174769 0.641409 0.654275 -0.174769 0.641409 -0.327800
1413393941.955760479 -1.734625 -0.131149 0.651729 0.641442 -0.131149 0.651729 -0.348572
1413393942.055760384 -1.649633 -0.072565 0.666073 0.615325 -0.072565 0.666073 -0.386002
1413393942.155760527 -1.562915 -0.012462 0.682679 0.584730 -0.012462 0.682679 -0.421207
1413393942.255760431 -1.478514 0.035676 0.697102 0.561579 0.035676 0.697102 -0.441362
1413393942.355760574 -1.400452 0.061331 0.711633 0.552273 0.061331 0.711633 -0.447757
1413393942.455760479 -1.330332 0.062442 0.724894 0.560779 0.062442 0.724894 -0.435758
1413393942.555760384 -1.270181 0.041440 0.736261 0.581992 0.041440 0.736261 -0.409971
1413393942.655760527 -1.216404 0.007579 0.741759 0.611498 0.007579 0.741759 -0.376001
1413393942.755760431 -1.167845 -0.024382 0.740620 0.633868 -0.024382 0.740620 -0.346207
1413393942.855760574 -1.120496 -0.042891 0.732209 0.646334 -0.042891 0.732209 -0.325883
1413393942.955760479 -1.072099 -0.043291 0.715605 0.652704 -0.043291 0.715605 -0.315675
1413393943.055760384 -1.022771 -0.020545 0.697458 0.643691 -0.020545 0.697458 -0.328295
1413393943.155760527 -0.975378 0.024161 0.687298 0.617523 0.024161 0.687298 -0.364608
1413393943.255760431 -0.930472 0.075485 0.681314 0.585823 0.075485 0.681314 -0.402528
1413393943.355760574 -0.890645 0.118166 0.676554 0.561681 0.118166 0.676554 -0.432964
1413393943.455760479 -0.868989 0.159857 0.630068 0.548974 0.159857 0.630068 -0.448050
1413393943.555760384 -0.826039 0.141277 0.662141 0.561114 0.141277 0.662141 -0.433468
1413393943.655760527 -0.804174 0.123567 0.650291 0.587055 0.123567 0.650291 -0.400564
1413393943.755760431 -0.787000 0.100217 0.639087 0.616147 0.100217 0.639087 -0.364296
1413393943.855760574 -0.771637 0.083342 0.632533 0.638461 0.083342 0.632533 -0.334820
1413393943.955760479 -0.757616 0.084779 0.633737 0.652269 0.084779 0.633737 -0.317966
1413393944.055760384 -0.742835 0.107000 0.645836 0.655058 0.107000 0.645836 -0.326429
1413393944.155760527 -0.726755 0.140805 0.663036 0.654868 0.140805 0.663036 -0.352595
1413393944.255760431 -0.708784 0.179901 0.683976 0.649823 0.179901 0.683976 -0.381189
1413393944.355760574 -0.686619 0.210589 0.705827 0.641173 0.210589 0.705827 -0.398827
1413393944.455760479 -0.663081 0.226277 0.725761 0.637962 0.226277 0.725761 -0.400060
1413393944.555760384 -0.640622 0.222318 0.741996 0.647797 0.222318 0.741996 -0.374864
1413393944.655760527 -0.623180 0.203315 0.752551 0.672512 0.203315 0.752551 -0.334972
1413393944.755760431 -0.609033 0.178094 0.762734 0.700741 0.178094 0.762734 -0.298609
1413393944.855760574 -0.596231 0.157841 0.776117 0.722153 0.157841 0.776117 -0.273653
1413393944.955760479 -0.579588 0.151519 0.795560 0.735534 0.151519 0.795560 -0.260536
1413393945.055760384 -0.555679 0.164198 0.824227 0.733464 0.164198 0.824227 -0.263073
1413393945.155760527 -0.524783 0.192047 0.856610 0.712128 0.192047 0.856610 -0.280743
1413393945.255760431 -0.493227 0.222238 0.880586 0.684437 0.222238 0.880586 -0.299228
1413393945.355760574 -0.467478 0.243937 0.889046 0.667614 0.243937 0.889046 -0.305957
1413393945.455760479 -0.452351 0.250691 0.880106 0.673316 0.250691 0.880106 -0.297009
1413393945.555760384 -0.448997 0.244753 0.854779 0.701253 0.244753 0.854779 -0.278236
1413393945.655760527 -0.454341 0.226449 0.827233 0.731038 0.226449 0.827233 -0.249804
1413393945.755760431 -0.464622 0.201512 0.802651 0.760174 0.201512 0.802651 -0.217125
1413393945.855760574 -0.475777 0.178761 0.781204 0.787722 0.178761 0.781204 -0.185188
1413393945.955760479 -0.481206 0.165545 0.767304 0.800493 0.165545 0.767304 -0.163582
1413393946.055760384 -0.478363 0.162306 0.763395 0.788981 0.162306 0.763395 -0.155752
1413393946.155760527 -0.472738 0.164158 0.762994 0.766469 0.164158 0.762994 -0.152785
1413393946.255760431 -0.475937 0.167038 0.764675 0.746895 0.167038 0.764675 -0.146814
1413393946.355760574 -0.488933 0.166694 0.760279 0.749773 0.166694 0.760279 -0.135799
1413393946.455760479 -0.515566 0.163162 0.750035 0.772209 0.163162 0.750035 -0.124443
1413393946.555760384 -0.551228 0.152875 0.739948 0.799235 0.152875 0.739948 -0.103961
1413393946.655760527 -0.587763 0.136861 0.731320 0.828202 0.136861 0.731320 -0.072090
1413393946.755760431 -0.617299 0.121433 0.726497 0.849911 0.121433 0.726497 -0.032644
1413393946.855760574 -0.632513 0.108935 0.730459 0.854773 0.108935 0.730459 0.000101
1413393946.955760479 -0.635015 0.103618 0.741872 0.838033 0.103618 0.741872 0.024754
1413393947.055760384 -0.631313 0.101383 0.753231 0.803981 0.101383 0.753231 0.044764
1413393947.155760527 -0.629995 0.097061 0.749060 0.776703 0.097061 0.749060 0.063917
1413393947.255760431 -0.633769 0.102526 0.729676 0.767350 0.102526 0.729676 0.083145
1413393947.355760574 -0.651384 0.109738 0.696976 0.763605 0.109738 0.696976 0.101173
1413393947.455760479 -0.671329 0.128146 0.659211 0.764183 0.128146 0.659211 0.108196
1413393947.555760384 -0.704794 0.146787 0.613124 0.766597 0.146787 0.613124 0.104661
1413393947.655760527 -0.748248 0.160469 0.569473 0.768612 0.160469 0.569473 0.102461
1413393947.755760431 -0.798473 0.163787 0.529889 0.778099 0.163787 0.529889 0.115871
1413393947.855760574 -0.847749 0.154424 0.496764 0.785518 0.154424 0.496764 0.152529
1413393947.955760479 -0.889433 0.136656 0.470947 0.780935 0.136656 0.470947 0.193324
1413393948.055760384 -0.926046 0.111987 0.450074 0.766002 0.111987 0.450074 0.244792
1413393948.155760527 -0.951101 0.087681 0.435059 0.749323 0.087681 0.435059 0.279244
1413393948.255760431 -0.968424 0.070870 0.422834 0.728088 0.070870 0.422834 0.295785
1413393948.355760574 -0.979425 0.066404 0.417023 0.703118 0.066404 0.417023 0.302426
1413393948.455760479 -0.989202 0.073530 0.413314 0.681222 0.073530 0.413314 0.310564
1413393948.555760384 -1.003961 0.094853 0.407944 0.673379 0.094853 0.407944 0.311215
1413393948.655760527 -1.023694 0.126186 0.398254 0.687136 0.126186 0.398254 0.305044
1413393948.755760431 -1.045528 0.167190 0.388941 0.703819 0.167190 0.388941 0.298611
1413393948.855760574 -1.064733 0.206886 0.383478 0.712151 0.206886 0.383478 0.291725
1413393948.955760479 -1.079991 0.237609 0.384823 0.706435 0.237609 0.384823 0.292272
1413393949.055760384 -1.091598 0.259802 0.393765 0.685703 0.259802 0.393765 0.313298
1413393949.155760527 -1.100108 0.272871 0.408871 0.659164 0.272871 0.408871 0.344189
1413393949.255760431 -1.106371 0.286097 0.426000 0.631473 0.286097 0.426000 0.373274
1413393949.355760574 -1.110119 0.303220 0.444348 0.604117 0.303220 0.444348 0.400704
1413393949.455760479 -1.112533 0.331994 0.461788 0.576457 0.331994 0.461788 0.421155
1413393949.555760384 -1.115608 0.375533 0.473353 0.561001 0.375533 0.473353 0.414027
1413393949.655760527 -1.122352 0.434474 0.479581 0.558902 0.434474 0.479581 0.389469
1413393949.755760431 -1.138062 0.501547 0.485625 -0.553747 0.501547 0.485625 -0.361751
1413393949.855760574 -1.168170 0.572061 0.495789 -0.539669 0.572061 0.495789 -0.337522
1413393949.955760479 -1.218545 0.639350 0.509389 -0.526208 0.639350 0.509389 -0.317838
1413393950.055760384 -1.295497 0.698696 0.528776 -0.528835 0.698696 0.528776 -0.318555
1413393950.155760527 -1.396292 0.753813 0.550988 -0.555776 0.753813 0.550988 -0.343630
1413393950.255760431 -1.510504 0.800518 0.573995 -0.584116 0.800518 0.573995 -0.364879
1413393950.355760574 -1.626905 0.833909 0.595005 -0.598551 0.833909 0.595005 -0.373082
1413393950.455760479 -1.739616 0.852787 0.609781 -0.599852 0.852787 0.609781 -0.372536
1413393950.555760384 -1.846636 0.854676 0.618443 -0.591050 0.854676 0.618443 -0.378073
1413393950.655760527 -1.951870 0.842506 0.619414 -0.578685 0.842506 0.619414 -0.392012
1413393950.755760431 -2.053570 0.823471 0.609770 -0.568762 0.823471 0.609770 -0.406254
1413393950.855760574 -2.153194 0.802339 0.587115 -0.563887 0.802339 0.587115 -0.416068
1413393950.955760479 -2.246407 0.779241 0.551865 -0.567413 0.779241 0.551865 -0.426715
1413393951.055760384 -2.335983 0.754689 0.515072 -0.575377 0.754689 0.515072 -0.434701
1413393951.155760527 -2.417102 0.729246 0.482496 -0.573770 0.729246 0.482496 -0.430977
1413393951.255760431 -2.490629 0.700638 0.455920 -0.568086 0.700638 0.455920 -0.427309
1413393951.355760574 -2.553554 0.671811 0.435244 -0.564016 0.671811 0.435244 -0.425147
1413393951.455760479 -2.611442 0.642709 0.418212 -0.564705 0.642709 0.418212 -0.421573
1413393951.555760384 -2.663434 0.612335 0.397642 -0.567705 0.612335 0.397642 -0.417551
1413393951.655760527 -2.713088 0.575754 0.369406 -0.567863 0.575754 0.369406 -0.418909
1413393951.755760431 -2.758005 0.534746 0.335762 -0.565782 0.534746 0.335762 -0.426338
1413393951.855760574 -2.795369 0.490094 0.300552 -0.559451 0.490094 0.300552 -0.431864
1413393951.955760479 -2.828347 0.440814 0.267042 -0.553565 0.440814 0.267042 -0.434939
1413393952.055760384 -2.855997 0.388113 0.238792 -0.548539 0.388113 0.238792 -0.438138
1413393952.155760527 -2.876944 0.335435 0.220366 -0.543566 0.335435 0.220366 -0.440462
1413393952.255760431 -2.893876 0.281156 0.214759 -0.538002 0.281156 0.214759 -0.439984
1413393952.355760574 -2.905480 0.229547 0.221619 -0.536398 0.229547 0.221619 -0.438011
1413393952.455760479 -2.913242 0.178209 0.234064 -0.542512 0.178209 0.234064 -0.436141
1413393952.555760384 -2.917756 0.127406 0.245345 -0.554560 0.127406 0.245345 -0.431291
1413393952.655760527 -2.918106 0.077205 0.257424 -0.568880 0.077205 0.257424 -0.425026
1413393952.755760431 -2.914017 0.026919 0.267714 0.583095 0.026919 0.267714 0.415473
1413393952.855760574 -2.907258 -0.022528 0.277799 0.594260 -0.022528 0.277799 0.405438
1413393952.955760479 -2.898533 -0.070984 0.289177 0.597422 -0.070984 0.289177 0.390724
1413393953.055760384 -2.888984 -0.120102 0.298239 0.597521 -0.120102 0.298239 0.376961
1413393953.155760527 -2.882966 -0.169755 0.309556 0.597250 -0.169755 0.309556 0.366998
1413393953.255760431 -2.879507 -0.223374 0.299518 0.595861 -0.223374 0.299518 0.360821
1413393953.355760574 -2.882223 -0.277802 0.282359 0.591063 -0.277802 0.282359 0.353963
1413393953.455760479 -2.894177 -0.331645 0.275795 0.585066 -0.331645 0.275795 0.355178
1413393953.555760384 -2.916651 -0.384924 0.285314 0.583994 -0.384924 0.285314 0.369901
1413393953.655760527 -2.945828 -0.434290 0.303210 0.588337 -0.434290 0.303210 0.391842
1413393953.755760431 -2.976678 -0.478402 0.320683 0.589314 -0.478402 0.320683 0.408773
1413393953.855760574 -3.005434 -0.515591 0.328414 0.590628 -0.515591 0.328414 0.415235
1413393953.955760479 -3.031318 -0.544055 0.325433 0.596305 -0.544055 0.325433 0.411917
1413393954.055760384 -3.053383 -0.565545 0.316165 0.611653 -0.565545 0.316165 0.397791
1413393954.155760527 -3.071897 -0.582448 0.309066 0.629902 -0.582448 0.309066 0.376934
1413393954.255760431 -3.086272 -0.598760 0.305663 0.650670 -0.598760 0.305663 0.352561
1413393954.355760574 -3.095163 -0.620268 0.308266 0.669981 -0.620268 0.308266 0.330649
1413393954.455760479 -3.098656 -0.651504 0.314356 0.688046 -0.651504 0.314356 0.312730
1413393954.555760384 -3.095352 -0.692840 0.323283 0.705485 -0.692840 0.323283 0.297391
1413393954.655760527 -3.085680 -0.744347 0.334625 0.719770 -0.744347 0.334625 0.283810
1413393954.755760431 -3.069087 -0.809212 0.345660 0.731324 -0.809212 0.345660 0.273127
1413393954.855760574 -3.045761 -0.885662 0.357318 0.739111 -0.885662 0.357318 0.265433
1413393954.955760479 -3.013944 -0.972105 0.370045 0.742947 -0.972105 0.370045 0.263306
1413393955.055760384 -2.973236 -1.067995 0.386871 0.737961 -1.067995 0.386871 0.270103
1413393955.155760527 -2.924195 -1.169576 0.402446 0.733444 -1.169576 0.402446 0.276150
1413393955.255760431 -2.868938 -1.274073 0.416306 0.729558 -1.274073 0.416306 0.269790
1413393955.355760574 -2.809846 -1.379905 0.430003 0.729050 -1.379905 0.430003 0.257714
1413393955.455760479 -2.748620 -1.485903 0.444922 0.733225 -1.485903 0.444922 0.248217
1413393955.555760384 -2.686642 -1.588490 0.461523 0.735941 -1.588490 0.461523 0.240002
1413393955.655760527 -2.625682 -1.687224 0.470464 0.741152 -1.687224 0.470464 0.236163
1413393955.755760431 -2.567902 -1.778572 0.468080 0.754367 -1.778572 0.468080 0.241545
1413393955.855760574 -2.515390 -1.854242 0.452242 0.769708 -1.854242 0.452242 0.247948
1413393955.955760479 -2.456738 -1.919252 0.431678 0.784397 -1.919252 0.431678 0.228302
1413393956.055760384 -2.390932 -1.975055 0.416166 0.792385 -1.975055 0.416166 0.192651
1413393956.155760527 -2.318900 -2.022303 0.408015 0.795383 -2.022303 0.408015 0.162189
1413393956.255760431 -2.243716 -2.065158 0.404462 0.795510 -2.065158 0.404462 0.141281
1413393956.355760574 -2.167051 -2.103930 0.405650 0.790985 -2.103930 0.405650 0.128364
1413393956.455760479 -2.089675 -2.139495 0.408880 0.786823 -2.139495 0.408880 0.114770
1413393956.555760384 -2.015289 -2.170036 0.410286 0.789941 -2.170036 0.410286 0.094387
1413393956.655760527 -1.944542 -2.196127 0.409214 0.799025 -2.196127 0.409214 0.069025
1413393956.755760431 -1.881266 -2.215800 0.406451 0.811380 -2.215800 0.406451 0.042907
1413393956.855760574 -1.822522 -2.232803 0.407064 0.819160 -2.232803 0.407064 0.014957
1413393956.955760479 -1.761723 -2.250355 0.410163 0.821659 -2.250355 0.410163 -0.015227
1413393957.055760384 -1.699202 -2.268843 0.413960 0.822419 -2.268843 0.413960 -0.040080
1413393957.155760527 -1.633843 -2.289114 0.418073 0.821721 -2.289114 0.418073 -0.058148
1413393957.255760431 -1.565876 -2.309195 0.423327 0.818246 -2.309195 0.423327 -0.078917
1413393957.355760574 -1.496153 -2.329280 0.428405 0.813118 -2.329280 0.428405 -0.102243
1413393957.455760479 -1.425493 -2.351530 0.432360 0.804480 -2.351530 0.432360 -0.125412
1413393957.555760384 -1.353410 -2.373892 0.430800 0.793513 -2.373892 0.430800 -0.147498
1413393957.655760527 -1.283811 -2.396196 0.419111 0.779081 -2.396196 0.419111 -0.172033
1413393957.755760431 -1.219055 -2.418705 0.396181 0.759823 -2.418705 0.396181 -0.196784
1413393957.855760574 -1.154515 -2.442867 0.363062 0.742780 -2.442867 0.363062 -0.210502
1413393957.955760479 -1.101693 -2.469662 0.326826 0.729658 -2.469662 0.326826 -0.213421
1413393958.055760384 -1.057666 -2.495684 0.299395 0.724147 -2.495684 0.299395 -0.211501
1413393958.155760527 -1.020478 -2.515725 0.288115 0.722793 -2.515725 0.288115 -0.216637
1413393958.255760431 -0.990653 -2.524285 0.294965 0.722203 -2.524285 0.294965 -0.227883
1413393958.355760574 -0.970728 -2.524881 0.316198 0.726897 -2.524881 0.316198 -0.246277
1413393958.455760479 -0.956234 -2.522668 0.336479 0.733147 -2.522668 0.336479 -0.257442
1413393958.555760384 -0.942409 -2.520390 0.346373 0.741517 -2.520390 0.346373 -0.258845
1413393958.655760527 -0.925299 -2.516054 0.342077 0.749848 -2.516054 0.342077 -0.254609
1413393958.755760431 -0.904810 -2.507900 0.329780 0.752658 -2.507900 0.329780 -0.251910
1413393958.855760574 -0.877221 -2.492765 0.310541 0.746176 -2.492765 0.310541 -0.253854
1413393958.955760479 -0.844986 -2.470905 0.279797 0.739538 -2.470905 0.279797 -0.255971
1413393959.055760384 -0.813583 -2.446328 0.240700 0.736268 -2.446328 0.240700 -0.265664
1413393959.155760527 -0.781990 -2.423037 0.198893 0.733310 -2.423037 0.198893 -0.280713
1413393959.255760431 -0.749780 -2.404962 0.161175 0.727135 -2.404962 0.161175 -0.281440
1413393959.355760574 -0.716512 -2.392402 0.124722 0.728608 -2.392402 0.124722 -0.271067
1413393959.455760479 -0.683306 -2.383521 0.092047 0.731664 -2.383521 0.092047 -0.262123
1413393959.555760384 -0.653526 -2.377006 0.064913 0.729482 -2.377006 0.064913 -0.258086
1413393959.655760527 -0.628182 -2.373738 0.048141 0.711876 -2.373738 0.048141 -0.264948
1413393959.755760431 -0.610417 -2.377065 0.033126 0.697256 -2.377065 0.033126 -0.272409
1413393959.855760574 -0.602143 -2.388924 0.015428 0.705682 -2.388924 0.015428 -0.266664
1413393959.955760479 -0.601980 -2.407992 -0.000781 0.722421 -2.407992 -0.000781 -0.254068
1413393960.055760384 -0.607535 -2.429737 -0.012576 0.736447 -2.429737 -0.012576 -0.244318
1413393960.155760527 -0.615010 -2.448768 -0.020632 0.747253 -2.448768 -0.020632 -0.236143
1413393960.255760431 -0.622140 -2.462529 -0.027436 0.759923 -2.462529 -0.027436 -0.227356
1413393960.355760574 -0.625033 -2.467053 -0.030477 0.765250 -2.467053 -0.030477 -0.223918
1413393960.455760479 -0.622931 -2.460598 -0.027728 0.754188 -2.460598 -0.027728 -0.232853
1413393960.555760384 -0.619044 -2.445793 -0.033519 0.739422 -2.445793 -0.033519 -0.246451
1413393960.655760527 -0.616940 -2.427079 -0.061326 0.724234 -2.427079 -0.061326 -0.263413
1413393960.755760431 -0.617705 -2.406185 -0.111911 0.710425 -2.406185 -0.111911 -0.279989
1413393960.855760574 -0.620643 -2.383592 -0.177151 0.701892 -2.383592 -0.177151 -0.292514
1413393960.955760479 -0.622964 -2.358117 -0.242180 0.702484 -2.358117 -0.242180 -0.299312
1413393961.055760384 -0.620845 -2.326109 -0.293814 0.702499 -2.326109 -0.293814 -0.306204
1413393961.155760527 -0.614009 -2.286977 -0.327716 0.691995 -2.286977 -0.327716 -0.314569
1413393961.255760431 -0.603337 -2.244181 -0.338065 0.675067 -2.244181 -0.338065 -0.339412
1413393961.355760574 -0.592621 -2.207081 -0.329016 0.651973 -2.207081 -0.329016 -0.378531
1413393961.455760479 -0.581386 -2.184267 -0.307262 0.633008 -2.184267 -0.307262 -0.398208
1413393961.555760384 -0.572863 -2.182584 -0.276033 0.637115 -2.182584 -0.276033 -0.380408
1413393961.655760527 -0.569799 -2.199737 -0.238679 0.652424 -2.199737 -0.238679 -0.352118
1413393961.755760431 -0.570937 -2.226924 -0.180437 0.657881 -2.226924 -0.180437 -0.338129
1413393961.855760574 -0.576012 -2.255526 -0.107784 0.663756 -2.255526 -0.107784 -0.330654
1413393961.955760479 -0.585959 -2.286791 -0.024502 0.670122 -2.286791 -0.024502 -0.323985
1413393962.055760384 -0.597951 -2.314626 0.069049 0.676890 -2.314626 0.069049 -0.318478
1413393962.155760527 -0.611364 -2.338845 0.177890 0.682789 -2.338845 0.177890 -0.313477
1413393962.255760431 -0.624929 -2.357405 0.298448 0.686744 -2.357405 0.298448 -0.310857
1413393962.355760574 -0.638303 -2.369864 0.422675 0.692208 -2.369864 0.422675 -0.305085
1413393962.455760479 -0.651416 -2.375791 0.532539 0.702733 -2.375791 0.532539 -0.292146
1413393962.555760384 -0.659781 -2.372115 0.619019 0.717380 -2.372115 0.619019 -0.274883
1413393962.655760527 -0.662155 -2.355743 0.688442 0.727270 -2.355743 0.688442 -0.257117
1413393962.755760431 -0.659754 -2.323137 0.749722 0.730145 -2.323137 0.749722 -0.239972
1413393962.855760574 -0.655194 -2.273962 0.805032 0.728466 -2.273962 0.805032 -0.220329
1413393962.955760479 -0.651686 -2.211982 0.850945 0.727270 -2.211982 0.850945 -0.198853
1413393963.055760384 -0.655113 -2.140890 0.891667 0.732081 -2.140890 0.891667 -0.177958
1413393963.155760527 -0.667908 -2.059224 0.919778 0.737899 -2.059224 0.919778 -0.159176
1413393963.255760431 -0.689179 -1.968393 0.940142 0.747310 -1.968393 0.940142 -0.151958
1413393963.355760574 -0.721140 -1.871101 0.951397 0.757011 -1.871101 0.951397 -0.142117
1413393963.455760479 -0.761492 -1.771149 0.953113 0.767400 -1.771149 0.953113 -0.124559
1413393963.555760384 -0.810337 -1.671273 0.941229 0.775832 -1.671273 0.941229 -0.108156
1413393963.655760527 -0.864456 -1.571074 0.918551 0.780005 -1.571074 0.918551 -0.091526
1413393963.755760431 -0.924316 -1.470597 0.886328 0.782309 -1.470597 0.886328 -0.072719
1413393963.855760574 -0.990791 -1.370540 0.846804 0.785464 -1.370540 0.846804 -0.050879
1413393963.955760479 -1.063937 -1.270242 0.798340 0.791462 -1.270242 0.798340 -0.027509
1413393964.055760384 -1.142390 -1.163754 0.741663 0.797378 -1.163754 0.741663 -0.005717
1413393964.155760527 -1.225866 -1.051057 0.679080 0.800147 -1.051057 0.679080 0.010244
1413393964.255760431 -1.312275 -0.935082 0.612305 0.801030 -0.935082 0.612305 0.018378
1413393964.355760574 -1.401077 -0.817652 0.548565 0.802894 -0.817652 0.548565 0.025532
1413393964.455760479 -1.489425 -0.702475 0.491227 0.803317 -0.702475 0.491227 0.033601
1413393964.555760384 -1.578422 -0.592714 0.440144 0.801854 -0.592714 0.440144 0.041405
1413393964.655760527 -1.669199 -0.489993 0.392989 0.798478 -0.489993 0.392989 0.046548
1413393964.755760431 -1.762952 -0.394886 0.351391 0.793690 -0.394886 0.351391 0.053770
1413393964.855760574 -1.860043 -0.307634 0.312233 0.793607 -0.307634 0.312233 0.059460
1413393964.955760479 -1.960188 -0.231424 0.275640 0.798929 -0.231424 0.275640 0.062564
1413393965.055760384 -2.060354 -0.170919 0.242434 0.803955 -0.170919 0.242434 0.054882
1413393965.155760527 -2.157495 -0.130530 0.215737 0.805771 -0.130530 0.215737 0.045106
1413393965.255760431 -2.250025 -0.118083 0.194484 0.810182 -0.118083 0.194484 0.049853
1413393965.355760574 -2.336838 -0.135666 0.181346 0.820495 -0.135666 0.181346 0.072459
1413393965.455760479 -2.411091 -0.181174 0.177006 0.831869 -0.181174 0.177006 0.116266
1413393965.555760384 -2.467505 -0.245183 0.179312 0.838229 -0.245183 0.179312 0.172506
1413393965.655760527 -2.488413 -0.321292 0.189052 0.837420 -0.321292 0.189052 0.211409
1413393965.755760431 -2.483077 -0.391743 0.201130 0.826791 -0.391743 0.201130 0.218119
1413393965.855760574 -2.452331 -0.456546 0.217005 0.806314 -0.456546 0.217005 0.211788
1413393965.955760479 -2.407797 -0.517414 0.226915 0.794550 -0.517414 0.226915 0.216808
1413393966.055760384 -2.356535 -0.570206 0.228094 0.791053 -0.570206 0.228094 0.228822
1413393966.155760527 -2.294500 -0.611320 0.234928 0.789710 -0.611320 0.234928 0.222279
1413393966.255760431 -2.221887 -0.640619 0.255343 0.789570 -0.640619 0.255343 0.216928
1413393966.355760574 -2.138501 -0.659971 0.291455 0.790551 -0.659971 0.291455 0.228288
1413393966.455760479 -2.045102 -0.663973 0.342752 0.782313 -0.663973 0.342752 0.241915
1413393966.555760384 -1.944838 -0.650884 0.397155 0.766866 -0.650884 0.397155 0.239095
1413393966.655760527 -1.845225 -0.621302 0.441110 0.753539 -0.621302 0.441110 0.232852
1413393966.755760431 -1.745264 -0.578992 0.471195 0.744358 -0.578992 0.471195 0.228091
1413393966.855760574 -1.651065 -0.521725 0.489428 0.741623 -0.521725 0.489428 0.223624
1413393966.955760479 -1.563224 -0.451899 0.497263 0.748993 -0.451899 0.497263 0.206525
1413393967.055760384 -1.481641 -0.374398 0.495244 0.755926 -0.374398 0.495244 0.184301
1413393967.155760527 -1.404995 -0.292352 0.487348 0.758354 -0.292352 0.487348 0.173197
1413393967.255760431 -1.332988 -0.212171 0.473740 0.755744 -0.212171 0.473740 0.173042
1413393967.355760574 -1.271325 -0.135962 0.451735 0.748750 -0.135962 0.451735 0.184432
1413393967.455760479 -1.216677 -0.062569 0.422618 0.736907 -0.062569 0.422618 0.201087
1413393967.555760384 -1.168938 0.008396 0.387803 0.724912 0.008396 0.387803 0.214980
1413393967.655760527 -1.130255 0.079307 0.356581 0.714646 0.079307 0.356581 0.227678
1413393967.755760431 -1.100359 0.149207 0.331677 0.705070 0.149207 0.331677 0.245834
1413393967.855760574 -1.080309 0.220117 0.316951 0.697158 0.220117 0.316951 0.261850
1413393967.955760479 -1.065562 0.289676 0.313628 0.700501 0.289676 0.313628 0.264945
1413393968.055760384 -1.054303 0.351970 0.328068 0.705694 0.351970 0.328068 0.266723
1413393968.155760527 -1.043163 0.403955 0.362484 0.704290 0.403955 0.362484 0.272179
1413393968.255760431 -1.029161 0.446824 0.403765 0.699453 0.446824 0.403765 0.269145
1413393968.355760574 -1.014731 0.483368 0.439348 0.702942 0.483368 0.439348 0.271642
1413393968.455760479 -0.998346 0.511241 0.467331 0.712204 0.511241 0.467331 0.285630
1413393968.555760384 -0.977032 0.531591 0.486646 0.713713 0.531591 0.486646 0.300262
1413393968.655760527 -0.949242 0.544555 0.494450 0.714678 0.544555 0.494450 0.307437
1413393968.755760431 -0.914952 0.553034 0.491173 0.712815 0.553034 0.491173 0.308256
1413393968.855760574 -0.873882 0.556904 0.479412 0.701185 0.556904 0.479412 0.317097
1413393968.955760479 -0.828824 0.557963 0.458895 0.678939 0.557963 0.458895 0.327996
1413393969.055760384 -0.781322 0.555962 0.426566 0.653939 0.555962 0.426566 0.335603
1413393969.155760527 -0.736261 0.558101 0.391455 0.632603 0.558101 0.391455 0.352099
1413393969.255760431 -0.693025 0.563544 0.357104 0.616142 0.563544 0.357104 0.371783
1413393969.355760574 -0.652052 0.572837 0.325084 0.600698 0.572837 0.325084 0.383841
1413393969.455760479 -0.613272 0.586540 0.296916 0.579749 0.586540 0.296916 0.386360
1413393969.555760384 -0.579250 0.603888 0.271657 -0.553593 0.603888 0.271657 -0.382844
1413393969.655760527 -0.556122 0.624680 0.250330 -0.534920 0.624680 0.250330 -0.380599
1413393969.755760431 -0.545783 0.645702 0.240515 -0.521701 0.645702 0.240515 -0.381068
1413393969.855760574 -0.549555 0.667544 0.249036 -0.511477 0.667544 0.249036 -0.381563
1413393969.955760479 -0.566949 0.689975 0.274584 -0.506917 0.689975 0.274584 -0.391382
1413393970.055760384 -0.597396 0.711797 0.315513 -0.517807 0.711797 0.315513 -0.410808
1413393970.155760527 -0.634985 0.730543 0.360146 -0.534265 0.730543 0.360146 -0.427600
1413393970.255760431 -0.672584 0.745456 0.395481 -0.543389 0.745456 0.395481 -0.432818
1413393970.355760574 -0.706920 0.753955 0.419744 -0.547081 0.753955 0.419744 -0.433289
1413393970.455760479 -0.737104 0.754465 0.440217 -0.549565 0.754465 0.440217 -0.434130
1413393970.555760384 -0.763411 0.748133 0.462590 -0.546157 0.748133 0.462590 -0.442511
1413393970.655760527 -0.782648 0.736039 0.483665 -0.544356 0.736039 0.483665 -0.454567
1413393970.755760431 -0.794349 0.722298 0.492867 -0.548127 0.722298 0.492867 -0.471874
1413393970.855760574 -0.798360 0.710531 0.489046 -0.559557 0.710531 0.489046 -0.487741
1413393970.955760479 -0.786854 0.698573 0.477941 -0.566051 0.698573 0.477941 -0.496771
1413393971.055760384 -0.755988 0.684759 0.470046 -0.560577 0.684759 0.470046 -0.495172
1413393971.155760527 -0.705018 0.670831 0.471057 -0.546025 0.670831 0.471057 -0.493620
1413393971.255760431 -0.637718 0.663117 0.485910 0.528565 0.663117 0.485910 0.501248
1413393971.355760574 -0.559629 0.670307 0.506087 0.514183 0.670307 0.506087 0.514182
1413393971.455760479 -0.472584 0.695068 0.513979 0.508208 0.695068 0.513979 0.515039
1413393971.555760384 -0.378327 0.738070 0.504925 -0.512987 0.738070 0.504925 -0.488706
1413393971.655760527 -0.280674 0.795929 0.491741 -0.508283 0.795929 0.491741 -0.444947
1413393971.755760431 -0.189462 0.863893 0.485932 -0.489495 0.863893 0.485932 -0.406102
1413393971.855760574 -0.116165 0.939976 0.488025 -0.472663 0.939976 0.488025 -0.379287
1413393971.955760479 -0.068684 1.022963 0.497943 -0.474156 1.022963 0.497943 -0.378587
1413393972.055760384 -0.043673 1.109064 0.514615 -0.485261 1.109064 0.514615 -0.391162
1413393972.155760527 -0.033566 1.197369 0.524720 -0.492796 1.197369 0.524720 -0.390272
1413393972.255760431 -0.033496 1.284893 0.515872 -0.501973 1.284893 0.515872 -0.381477
1413393972.355760574 -0.049339 1.365325 0.500552 -0.516689 1.365325 0.500552 -0.403877
1413393972.455760479 -0.070166 1.442460 0.486783 -0.529484 1.442460 0.486783 -0.427378
1413393972.555760384 -0.090901 1.516889 0.473008 -0.544736 1.516889 0.473008 -0.432256
1413393972.655760527 -0.106926 1.583247 0.461264 -0.552603 1.583247 0.461264 -0.430324
1413393972.755760431 -0.118172 1.636429 0.449784 -0.553660 1.636429 0.449784 -0.432055
1413393972.855760574 -0.122358 1.679811 0.437483 -0.550671 1.679811 0.437483 -0.437883
1413393972.955760479 -0.120536 1.712982 0.424393 -0.548744 1.712982 0.424393 -0.445006
1413393973.055760384 -0.110388 1.738667 0.412838 -0.547124 1.738667 0.412838 -0.454520
1413393973.155760527 -0.090786 1.756323 0.402542 -0.541162 1.756323 0.402542 -0.465637
1413393973.255760431 -0.061217 1.772961 0.390781 -0.532924 1.772961 0.390781 -0.479599
1413393973.355760574 -0.021387 1.788841 0.380453 -0.522382 1.788841 0.380453 -0.494684
1413393973.455760479 0.028852 1.809613 0.370941 0.513445 1.809613 0.370941 0.507160
1413393973.555760384 0.089399 1.845642 0.360157 0.506644 1.845642 0.360157 0.517192
1413393973.655760527 0.159994 1.898304 0.348437 0.501138 1.898304 0.348437 0.512317
1413393973.755760431 0.238186 1.969717 0.333710 -0.495947 1.969717 0.333710 -0.479268
1413393973.855760574 0.317628 2.054420 0.320410 -0.489015 2.054420 0.320410 -0.429652
1413393973.955760479 0.384758 2.148186 0.310815 -0.481531 2.148186 0.310815 -0.374148
1413393974.055760384 0.427934 2.246594 0.303779 -0.496402 2.246594 0.303779 -0.323663
1413393974.155760527 0.439318 2.338036 0.303040 -0.521584 2.338036 0.303040 -0.282294
1413393974.255760431 0.418616 2.405217 0.315284 -0.559210 2.405217 0.315284 -0.274793
1413393974.355760574 0.372051 2.433635 0.340492 -0.593420 2.433635 0.340492 -0.288812
1413393974.455760479 0.319479 2.418282 0.373039 -0.618726 2.418282 0.373039 -0.310788
1413393974.555760384 0.267654 2.355477 0.415281 -0.637516 2.355477 0.415281 -0.345955
1413393974.655760527 0.228703 2.250824 0.462789 0.641401 2.250824 0.462789 0.386576
1413393974.755760431 0.209532 2.115857 0.510563 0.631980 2.115857 0.510563 0.427483
1413393974.855760574 0.211033 1.966283 0.550516 0.614523 1.966283 0.550516 0.454296
1413393974.955760479 0.228839 1.811068 0.575531 0.589903 1.811068 0.575531 0.462430
1413393975.055760384 0.256981 1.659770 0.588970 0.566997 1.659770 0.588970 0.463093
1413393975.155760527 0.300181 1.513575 0.588956 -0.550042 1.513575 0.588956 -0.457142
1413393975.255760431 0.349219 1.376518 0.582013 -0.542744 1.376518 0.582013 -0.447702
1413393975.355760574 0.400042 1.249104 0.579047 -0.541549 1.249104 0.579047 -0.446346
1413393975.455760479 0.453239 1.131433 0.581481 -0.542560 1.131433 0.581481 -0.457288
1413393975.555760384 0.511121 1.025799 0.581336 -0.542857 1.025799 0.581336 -0.468529
1413393975.655760527 0.572651 0.929193 0.583096 -0.541606 0.929193 0.583096 -0.472502
1413393975.755760431 0.641381 0.845614 0.582285 -0.534898 0.845614 0.582285 -0.461608
1413393975.855760574 0.714813 0.771683 0.583686 -0.525248 0.771683 0.583686 -0.450282
1413393975.955760479 0.786250 0.711870 0.587961 -0.516924 0.711870 0.587961 -0.442053
1413393976.055760384 0.852818 0.663183 0.589059 -0.519624 0.663183 0.589059 -0.438630
1413393976.155760527 0.915972 0.623934 0.580177 -0.522595 0.623934 0.580177 -0.437719
1413393976.255760431 0.976633 0.591849 0.561104 -0.519687 0.591849 0.561104 -0.433163
1413393976.355760574 1.031881 0.570238 0.537451 -0.510666 0.570238 0.537451 -0.430487
1413393976.455760479 1.081021 0.553104 0.520875 -0.504857 0.553104 0.520875 -0.428394
1413393976.555760384 1.124022 0.542601 0.514297 -0.512056 0.542601 0.514297 -0.418351
1413393976.655760527 1.158075 0.538309 0.508911 -0.523015 0.538309 0.508911 -0.408170
1413393976.755760431 1.184228 0.538561 0.496878 -0.528124 0.538561 0.496878 -0.397300
1413393976.855760574 1.199539 0.542139 0.476088 -0.536873 0.542139 0.476088 -0.384786
1413393976.955760479 1.203572 0.549000 0.454261 -0.553365 0.549000 0.454261 -0.373592
1413393977.055760384 1.199998 0.552907 0.437225 -0.570504 0.552907 0.437225 -0.375821
1413393977.155760527 1.191913 0.548287 0.431265 -0.579786 0.548287 0.431265 -0.387061
1413393977.255760431 1.184300 0.534400 0.441001 -0.581100 0.534400 0.441001 -0.400445
1413393977.355760574 1.179174 0.515080 0.462403 -0.579161 0.515080 0.462403 -0.410481
1413393977.455760479 1.177333 0.494149 0.494549 -0.577070 0.494149 0.494549 -0.417084
1413393977.555760384 1.180253 0.472184 0.528909 0.577088 0.472184 0.528909 0.421962
1413393977.655760527 1.187483 0.449335 0.556164 -0.576163 0.449335 0.556164 -0.423913
1413393977.755760431 1.199031 0.423941 0.572610 -0.574449 0.423941 0.572610 -0.425253
1413393977.855760574 1.217092 0.396994 0.583270 -0.571916 0.396994 0.583270 -0.427105
1413393977.955760479 1.240371 0.369046 0.593545 -0.568813 0.369046 0.593545 -0.428583
1413393978.055760384 1.269038 0.338739 0.606140 -0.564421 0.338739 0.606140 -0.427243
1413393978.155760527 1.301670 0.308270 0.620382 -0.558473 0.308270 0.620382 -0.424162
1413393978.255760431 1.335960 0.276082 0.635700 -0.549691 0.276082 0.635700 -0.423131
1413393978.355760574 1.370207 0.243417 0.652728 -0.535960 0.243417 0.652728 -0.426184
1413393978.455760479 1.402421 0.211894 0.671475 -0.518062 0.211894 0.671475 -0.432826
1413393978.555760384 1.429833 0.183620 0.690815 -0.496979 0.183620 0.690815 -0.443240
1413393978.655760527 1.451432 0.159759 0.710222 -0.476581 0.159759 0.710222 -0.452527
1413393978.755760431 1.469700 0.138666 0.730526 -0.457102 0.138666 0.730526 -0.459134
1413393978.855760574 1.482060 0.124275 0.751258 -0.435708 0.124275 0.751258 -0.465040
1413393978.955760479 1.489861 0.112541 0.773905 -0.411659 0.112541 0.773905 -0.474240
1413393979.055760384 1.490621 0.104554 0.795807 -0.384938 0.104554 0.795807 -0.481447
1413393979.155760527 1.482250 0.103735 0.816850 -0.357189 0.103735 0.816850 -0.490223
1413393979.255760431 1.467674 0.109642 0.831953 0.330845 0.109642 0.831953 0.501510
1413393979.355760574 1.447845 0.123068 0.834071 0.301363 0.123068 0.834071 0.511586
1413393979.455760479 1.424120 0.142799 0.825494 0.269967 0.142799 0.825494 0.519303
1413393979.555760384 1.393644 0.169488 0.808956 0.237673 0.169488 0.808956 0.525205
1413393979.655760527 1.355543 0.205623 0.786459 0.208798 0.205623 0.786459 0.532270
1413393979.755760431 1.310860 0.252917 0.764133 0.184025 0.252917 0.764133 0.541594
1413393979.855760574 1.260508 0.310900 0.747841 0.164633 0.310900 0.747841 0.549662
1413393979.955760479 1.206389 0.377436 0.735682 0.144617 0.377436 0.735682 0.552825
1413393980.055760384 1.148822 0.449348 0.725963 0.124157 0.449348 0.725963 0.551679
1413393980.155760527 1.086462 0.523369 0.717106 0.110174 0.523369 0.717106 0.546382
1413393980.255760431 1.018305 0.595623 0.709068 0.100664 0.595623 0.709068 0.537871
1413393980.355760574 0.944783 0.659213 0.702649 0.093639 0.659213 0.702649 0.532056
1413393980.455760479 0.862021 0.712729 0.697960 0.088999 0.712729 0.697960 0.535043
1413393980.555760384 0.774091 0.754091 0.693806 0.085609 0.754091 0.693806 0.549749
1413393980.655760527 0.677633 0.787415 0.690079 0.084927 0.787415 0.690079 0.567245
1413393980.755760431 0.581740 0.811978 0.687274 0.084712 0.811978 0.687274 0.572366
1413393980.855760574 0.486615 0.828058 0.684376 0.081879 0.828058 0.684376 0.562837
1413393980.955760479 0.391409 0.836598 0.684284 0.075700 0.836598 0.684284 0.548440
1413393981.055760384 0.290751 0.840751 0.689422 0.065980 0.840751 0.689422 0.541175
1413393981.155760527 0.180999 0.845860 0.703402 0.057420 0.845860 0.703402 0.544433
1413393981.255760431 0.068878 0.849809 0.731644 0.052111 0.849809 0.731644 0.550984
1413393981.355760574 -0.050432 0.858804 0.771085 0.051692 0.858804 0.771085 0.549319
1413393981.455760479 -0.174387 0.872353 0.811247 0.057977 0.872353 0.811247 0.546012
1413393981.555760384 -0.305539 0.888996 0.842370 0.069858 0.888996 0.842370 0.546599
1413393981.655760527 -0.444046 0.904682 0.860115 0.078959 0.904682 0.860115 0.547125
1413393981.755760431 -0.582463 0.917067 0.864700 0.086429 0.917067 0.864700 0.547950
1413393981.855760574 -0.724178 0.924497 0.858378 0.095475 0.924497 0.858378 0.552712
1413393981.955760479 -0.866463 0.924060 0.843120 0.110496 0.924060 0.843120 0.559097
1413393982.055760384 -1.004136 0.913597 0.826891 0.128560 0.913597 0.826891 0.564302
1413393982.155760527 -1.143730 0.893192 0.813816 0.151583 0.893192 0.813816 0.568040
1413393982.255760431 -1.280869 0.862712 0.804215 0.178559 0.862712 0.804215 0.567892
1413393982.355760574 -1.413712 0.824337 0.796848 0.211147 0.824337 0.796848 0.562923
1413393982.455760479 -1.541588 0.779385 0.791649 0.249728 0.779385 0.791649 0.552402
1413393982.555760384 -1.660745 0.728862 0.788000 0.292075 0.728862 0.788000 0.539947
1413393982.655760527 -1.775450 0.671321 0.785568 0.338350 0.671321 0.785568 0.528151
1413393982.755760431 -1.886306 0.605164 0.782621 0.388010 0.605164 0.782621 0.516308
1413393982.855760574 -1.990329 0.532207 0.780834 0.437712 0.532207 0.780834 0.505384
1413393982.955760479 -2.084043 0.454138 0.775810 -0.485731 0.454138 0.775810 -0.491379
1413393983.055760384 -2.167730 0.372650 0.770807 -0.529691 0.372650 0.770807 -0.473478
1413393983.155760527 -2.235829 0.287299 0.765836 -0.571336 0.287299 0.765836 -0.456729
1413393983.255760431 -2.287305 0.199721 0.761011 0.609965 0.199721 0.761011 0.440277
1413393983.355760574 -2.322047 0.110996 0.755339 0.644630 0.110996 0.755339 0.423591
1413393983.455760479 -2.334899 0.022737 0.754398 0.673116 0.022737 0.754398 0.407402
1413393983.555760384 -2.333643 -0.068181 0.755134 0.695780 -0.068181 0.755134 0.390538
1413393983.655760527 -2.303465 -0.144029 0.760070 0.715659 -0.144029 0.760070 0.372229
1413393983.755760431 -2.260528 -0.215818 0.766950 0.732123 -0.215818 0.766950 0.349425
1413393983.855760574 -2.199015 -0.276691 0.775610 0.746501 -0.276691 0.775610 0.322505
1413393983.955760479 -2.123277 -0.325356 0.787827 0.758516 -0.325356 0.787827 0.298766
1413393984.055760384 -2.034115 -0.359479 0.801560 0.769315 -0.359479 0.801560 0.277806
1413393984.155760527 -1.933192 -0.376944 0.818456 0.778654 -0.376944 0.818456 0.257668
1413393984.255760431 -1.824474 -0.374398 0.838889 0.786322 -0.374398 0.838889 0.236118
1413393984.355760574 -1.707861 -0.353782 0.861441 0.791782 -0.353782 0.861441 0.209921
1413393984.455760479 -1.587770 -0.314984 0.886451 0.794332 -0.314984 0.886451 0.187833
1413393984.555760384 -1.463259 -0.260782 0.911933 0.794359 -0.260782 0.911933 0.170055
1413393984.655760527 -1.339016 -0.190827 0.934292 0.797632 -0.190827 0.934292 0.145248
1413393984.755760431 -1.214829 -0.108997 0.947066 0.800294 -0.108997 0.947066 0.111334
1413393984.855760574 -1.090416 -0.021059 0.949196 0.803037 -0.021059 0.949196 0.082981
1413393984.955760479 -0.968917 0.066850 0.940223 0.807411 0.066850 0.940223 0.059507
1413393985.055760384 -0.850113 0.149582 0.921702 0.807818 0.149582 0.921702 0.055236
1413393985.155760527 -0.734873 0.223406 0.897289 0.801789 0.223406 0.897289 0.075146
1413393985.255760431 -0.620952 0.289357 0.866207 0.792065 0.289357 0.866207 0.106861
1413393985.355760574 -0.513218 0.352001 0.831317 0.782475 0.352001 0.831317 0.142784
1413393985.455760479 -0.406774 0.414067 0.798876 0.772638 0.414067 0.798876 0.174980
1413393985.555760384 -0.301407 0.480313 0.768456 0.762113 0.480313 0.768456 0.200053
1413393985.655760527 -0.197886 0.548412 0.738293 0.754984 0.548412 0.738293 0.211795
1413393985.755760431 -0.098579 0.616022 0.709508 0.749282 0.616022 0.709508 0.216807
1413393985.855760574 0.000823 0.679660 0.685934 0.741969 0.679660 0.685934 0.222641
1413393985.955760479 0.100144 0.732606 0.669917 0.730116 0.732606 0.669917 0.228952
1413393986.055760384 0.199792 0.772591 0.662507 0.714430 0.772591 0.662507 0.239660
1413393986.155760527 0.295048 0.800465 0.660125 0.695120 0.800465 0.660125 0.249837
1413393986.255760431 0.387175 0.818837 0.659613 0.670581 0.818837 0.659613 0.257347
1413393986.355760574 0.476752 0.833809 0.655720 0.644665 0.833809 0.655720 0.267507
1413393986.455760479 0.547630 0.824037 0.657726 0.619653 0.824037 0.657726 0.280602
1413393986.555760384 0.604164 0.805314 0.663717 0.600812 0.805314 0.663717 0.311571
1413393986.655760527 0.642295 0.769959 0.674219 0.589496 0.769959 0.674219 0.356980
1413393986.755760431 0.678938 0.732197 0.685397 -0.572728 0.732197 0.685397 -0.399474
1413393986.855760574 0.707518 0.692360 0.698322 -0.555012 0.692360 0.698322 -0.436327
1413393986.955760479 0.743165 0.658138 0.706176 -0.540839 0.658138 0.706176 -0.457168
1413393987.055760384 0.782418 0.630457 0.710482 -0.532332 0.630457 0.710482 -0.458709
1413393987.155760527 0.824134 0.609477 0.705730 -0.527445 0.609477 0.705730 -0.456522
1413393987.255760431 0.869836 0.589274 0.696368 -0.524933 0.589274 0.696368 -0.453542
1413393987.355760574 0.920833 0.567588 0.691731 -0.523993 0.567588 0.691731 -0.450900
1413393987.455760479 0.977615 0.542922 0.693223 -0.524343 0.542922 0.693223 -0.448670
1413393987.555760384 1.036340 0.515899 0.700024 -0.523496 0.515899 0.700024 -0.450603
1413393987.655760527 1.098146 0.489451 0.707798 -0.519630 0.489451 0.707798 -0.456666
1413393987.755760431 1.160239 0.461062 0.716024 -0.511256 0.461062 0.716024 -0.461638
1413393987.855760574 1.226994 0.431005 0.722831 -0.502248 0.431005 0.722831 -0.461698
1413393987.955760479 1.293693 0.403219 0.719726 -0.495077 0.403219 0.719726 -0.459963
1413393988.055760384 1.363203 0.371366 0.702612 -0.489977 0.371366 0.702612 -0.460946
1413393988.155760527 1.432829 0.342061 0.674994 -0.486534 0.342061 0.674994 -0.466892
1413393988.255760431 1.503430 0.310624 0.638081 -0.485303 0.310624 0.638081 -0.475741
1413393988.355760574 1.576561 0.281872 0.595393 -0.485366 0.281872 0.595393 -0.483864
1413393988.455760479 1.650633 0.254902 0.554742 -0.490583 0.254902 0.554742 -0.492406
1413393988.555760384 1.733626 0.227468 0.515244 0.500683 0.227468 0.515244 0.501401
1413393988.655760527 1.829221 0.200217 0.480500 0.502229 0.200217 0.480500 0.504307
1413393988.755760431 1.935498 0.173384 0.447991 -0.493651 0.173384 0.447991 -0.492375
1413393988.855760574 2.047988 0.145394 0.423385 -0.476796 0.145394 0.423385 -0.468520
1413393988.955760479 2.157009 0.114639 0.413951 -0.453862 0.114639 0.413951 -0.440806
1413393989.055760384 2.253677 0.082294 0.422130 -0.431692 0.082294 0.422130 -0.419290
1413393989.155760527 2.334709 0.046845 0.445918 -0.412807 0.046845 0.445918 -0.400151
1413393989.255760431 2.385904 0.004895 0.489626 -0.404329 0.004895 0.489626 -0.394919
1413393989.355760574 2.420229 -0.045785 0.548104 -0.411988 -0.045785 0.548104 -0.440318
1413393989.455760479 2.437628 -0.101489 0.611163 -0.412994 -0.101489 0.611163 -0.493706
1413393989.555760384 2.455497 -0.158325 0.663049 0.409754 -0.158325 0.663049 0.528667
1413393989.655760527 2.479481 -0.211710 0.697374 0.407962 -0.211710 0.697374 0.540100
1413393989.755760431 2.510220 -0.263643 0.715826 0.404456 -0.263643 0.715826 0.537757
1413393989.855760574 2.548111 -0.312013 0.722969 0.391464 -0.312013 0.722969 0.532361
1413393989.955760479 2.589062 -0.356222 0.722520 0.368044 -0.356222 0.722520 0.527911
1413393990.055760384 2.630761 -0.394840 0.712902 0.337470 -0.394840 0.712902 0.530083
1413393990.155760527 2.670499 -0.423495 0.695314 0.307693 -0.423495 0.695314 0.539115
1413393990.255760431 2.708419 -0.443601 0.669797 0.276167 -0.443601 0.669797 0.547064
1413393990.355760574 2.745511 -0.450854 0.636112 0.242134 -0.450854 0.636112 0.547587
1413393990.455760479 2.780311 -0.449533 0.607020 0.204938 -0.449533 0.607020 0.546612
1413393990.555760384 2.810233 -0.435844 0.577355 0.168152 -0.435844 0.577355 0.540111
1413393990.655760527 2.832414 -0.412398 0.550047 0.140580 -0.412398 0.550047 0.518129
1413393990.755760431 2.841169 -0.379568 0.527288 -0.136991 -0.379568 0.527288 -0.488343
1413393990.855760574 2.830484 -0.347989 0.512296 -0.146076 -0.347989 0.512296 -0.467495
1413393990.955760479 2.795346 -0.326211 0.507125 -0.156974 -0.326211 0.507125 -0.471799
1413393991.055760384 2.736899 -0.323316 0.513895 0.166652 -0.323316 0.513895 0.512337
1413393991.155760527 2.663435 -0.340977 0.527735 0.166188 -0.340977 0.527735 0.569761
1413393991.255760431 2.593103 -0.371545 0.543370 0.156762 -0.371545 0.543370 0.625469
1413393991.355760574 2.540052 -0.406458 0.555946 0.145592 -0.406458 0.555946 0.662570
1413393991.455760479 2.510759 -0.442755 0.563146 0.135234 -0.442755 0.563146 0.659963
1413393991.555760384 2.503698 -0.470689 0.564066 0.125996 -0.470689 0.564066 0.621700
1413393991.655760527 2.509540 -0.488407 0.566598 0.116731 -0.488407 0.566598 0.573749
1413393991.755760431 2.519573 -0.494903 0.572282 0.112428 -0.494903 0.572282 0.535414
1413393991.855760574 2.514418 -0.490551 0.591252 0.114746 -0.490551 0.591252 0.527518
1413393991.955760479 2.494496 -0.477758 0.621541 0.131466 -0.477758 0.621541 0.563587
1413393992.055760384 2.475416 -0.460656 0.654912 0.143184 -0.460656 0.654912 0.606662
1413393992.155760527 2.464721 -0.440340 0.681042 0.148712 -0.440340 0.681042 0.624195
1413393992.255760431 2.468663 -0.420155 0.696743 0.153892 -0.420155 0.696743 0.597557
1413393992.355760574 2.481245 -0.401868 0.709566 0.147935 -0.401868 0.709566 0.559828
1413393992.455760479 2.492823 -0.387734 0.721968 0.130573 -0.387734 0.721968 0.529873
1413393992.555760384 2.493515 -0.372326 0.733958 0.117543 -0.372326 0.733958 0.528335
1413393992.655760527 2.481460 -0.352909 0.742465 0.118625 -0.352909 0.742465 0.557305
1413393992.755760431 2.466123 -0.328284 0.748757 0.129480 -0.328284 0.748757 0.603139
1413393992.855760574 2.456274 -0.299755 0.751058 0.140382 -0.299755 0.751058 0.632138
1413393992.955760479 2.460984 -0.270524 0.749199 0.147683 -0.270524 0.749199 0.626040
1413393993.055760384 2.480903 -0.241391 0.746403 0.153644 -0.241391 0.746403 0.597446
1413393993.155760527 2.510685 -0.218616 0.743584 0.152464 -0.218616 0.743584 0.565896
1413393993.255760431 2.537633 -0.203085 0.742451 0.147865 -0.203085 0.742451 0.522108
1413393993.355760574 2.557226 -0.193226 0.743873 -0.146656 -0.193226 0.743873 -0.483802
1413393993.455760479 2.556069 -0.192010 0.753970 -0.152587 -0.192010 0.753970 -0.472832
1413393993.555760384 2.533880 -0.199254 0.774475 -0.155877 -0.199254 0.774475 -0.499576
1413393993.655760527 2.494659 -0.217252 0.803561 0.154670 -0.217252 0.803561 0.551567
1413393993.755760431 2.451987 -0.244365 0.833125 0.150757 -0.244365 0.833125 0.606613
1413393993.855760574 2.420004 -0.273038 0.841981 0.146870 -0.273038 0.841981 0.645545
1413393993.955760479 2.401512 -0.301459 0.828514 0.142691 -0.301459 0.828514 0.671555
1413393994.055760384 2.407808 -0.328193 0.807180 0.134469 -0.328193 0.807180 0.685974
1413393994.155760527 2.448718 -0.347810 0.798642 0.123175 -0.347810 0.798642 0.682771
1413393994.255760431 2.520623 -0.357444 0.806986 0.113640 -0.357444 0.806986 0.664969
1413393994.355760574 2.613676 -0.353548 0.830439 0.112184 -0.353548 0.830439 0.625495
1413393994.455760479 2.718597 -0.338420 0.847946 0.117501 -0.338420 0.847946 0.569256
1413393994.555760384 2.822803 -0.317638 0.843714 0.123896 -0.317638 0.843714 0.507140
1413393994.655760527 2.914597 -0.295757 0.819080 -0.126028 -0.295757 0.819080 -0.452718
1413393994.755760431 2.979106 -0.276789 0.785695 -0.127340 -0.276789 0.785695 -0.419159
1413393994.855760574 3.003678 -0.265070 0.761147 -0.135904 -0.265070 0.761147 -0.436651
1413393994.955760479 2.998064 -0.266582 0.745997 -0.138555 -0.266582 0.745997 -0.486232
1413393995.055760384 2.986019 -0.277970 0.727031 0.125985 -0.277970 0.727031 0.528152
1413393995.155760527 2.963405 -0.291236 0.703757 0.114591 -0.291236 0.703757 0.554915
1413393995.255760431 2.935635 -0.307738 0.674529 0.105805 -0.307738 0.674529 0.563974
1413393995.355760574 2.903754 -0.320220 0.643545 0.111947 -0.320220 0.643545 0.562048
1413393995.455760479 2.867515 -0.324225 0.614190 0.131604 -0.324225 0.614190 0.557923
1413393995.555760384 2.824959 -0.319555 0.589238 0.161845 -0.319555 0.589238 0.554999
1413393995.655760527 2.779137 -0.305146 0.567903 0.200875 -0.305146 0.567903 0.555505
1413393995.755760431 2.738169 -0.284242 0.547963 0.245707 -0.284242 0.547963 0.560638
1413393995.855760574 2.697575 -0.257020 0.529115 0.288149 -0.257020 0.529115 0.561628
1413393995.955760479 2.661139 -0.223633 0.511931 0.325406 -0.223633 0.511931 0.557616
1413393996.055760384 2.628129 -0.182736 0.495147 0.355479 -0.182736 0.495147 0.551332
1413393996.155760527 2.600546 -0.133869 0.477613 0.373618 -0.133869 0.477613 0.543415
1413393996.255760431 2.576779 -0.076159 0.458224 0.386880 -0.076159 0.458224 0.524643
1413393996.355760574 2.555405 -0.009365 0.436355 0.401934 -0.009365 0.436355 0.506388
1413393996.455760479 2.535605 0.062638 0.407934 -0.414949 0.062638 0.407934 -0.494714
1413393996.555760384 2.515548 0.136504 0.368723 -0.423411 0.136504 0.368723 -0.484430
1413393996.655760527 2.493436 0.209343 0.324238 -0.430042 0.209343 0.324238 -0.475959
1413393996.755760431 2.469822 0.275685 0.282638 -0.436710 0.275685 0.282638 -0.470620
1413393996.855760574 2.445221 0.334927 0.247522 -0.446317 0.334927 0.247522 -0.471175
1413393996.955760479 2.421654 0.386596 0.217951 -0.458492 0.386596 0.217951 -0.470249
1413393997.055760384 2.398967 0.431509 0.194012 -0.469899 0.431509 0.194012 -0.466475
1413393997.155760527 2.377298 0.468906 0.174791 -0.478396 0.468906 0.174791 -0.463991
1413393997.255760431 2.357603 0.499087 0.159879 -0.481244 0.499087 0.159879 -0.466562
1413393997.355760574 2.339001 0.524500 0.144480 -0.483622 0.524500 0.144480 -0.470078
1413393997.455760479 2.321941 0.545113 0.117130 -0.484898 0.545113 0.117130 -0.471414
1413393997.555760384 2.306782 0.566259 0.074968 -0.485389 0.566259 0.074968 -0.472737
1413393997.655760527 2.296142 0.585772 0.033828 -0.484619 0.585772 0.033828 -0.475457
1413393997.755760431 2.289366 0.602902 -0.001733 -0.484773 0.602902 -0.001733 -0.474619
1413393997.855760574 2.285445 0.617484 -0.027971 -0.485599 0.617484 -0.027971 -0.473247
1413393997.955760479 2.285915 0.629043 -0.049716 -0.485768 0.629043 -0.049716 -0.472398
1413393998.055760384 2.286986 0.637931 -0.067405 -0.486053 0.637931 -0.067405 -0.471752
1413393998.155760527 2.295157 0.644023 -0.083102 -0.484489 0.644023 -0.083102 -0.472673
1413393998.255760431 2.305664 0.648801 -0.095658 -0.481326 0.648801 -0.095658 -0.475318
1413393998.355760574 2.321072 0.650777 -0.104508 -0.477231 0.650777 -0.104508 -0.477003
1413393998.455760479 2.340180 0.651754 -0.110469 -0.474968 0.651754 -0.110469 -0.470537
1413393998.555760384 2.362032 0.648750 -0.110757 -0.468243 0.648750 -0.110757 -0.463590
1413393998.655760527 2.384104 0.642313 -0.110306 -0.457397 0.642313 -0.110306 -0.459307
1413393998.755760431 2.403811 0.634937 -0.113865 -0.447533 0.634937 -0.113865 -0.455160
1413393998.855760574 2.418872 0.628507 -0.119336 -0.443653 0.628507 -0.119336 -0.455787
1413393998.955760479 2.427976 0.623514 -0.127804 -0.448698 0.623514 -0.127804 -0.461640
1413393999.055760384 2.431035 0.619502 -0.138170 -0.456925 0.619502 -0.138170 -0.474554
1413393999.155760527 2.433472 0.616470 -0.151749 -0.467247 0.616470 -0.151749 -0.480449
1413393999.255760431 2.438439 0.612566 -0.167453 -0.472594 0.612566 -0.167453 -0.476065
1413393999.355760574 2.446351 0.604900 -0.183213 -0.468299 0.604900 -0.183213 -0.464043
1413393999.455760479 2.454703 0.594064 -0.198677 -0.461710 0.594064 -0.198677 -0.454588
1413393999.555760384 2.459622 0.580966 -0.211406 -0.455017 0.580966 -0.211406 -0.450773
1413393999.655760527 2.459810 0.565408 -0.222871 -0.448524 0.565408 -0.222871 -0.450872
1413393999.755760431 2.454290 0.550212 -0.236302 -0.444837 0.550212 -0.236302 -0.450688
1413393999.855760574 2.443405 0.535927 -0.258114 -0.443039 0.535927 -0.258114 -0.450011
1413393999.955760479 2.427002 0.522788 -0.286756 -0.444778 0.522788 -0.286756 -0.452136
1413394000.055760384 2.410963 0.511818 -0.306902 -0.456308 0.511818 -0.306902 -0.478476
1413394000.155760527 2.416323 0.514189 -0.290770 -0.454466 0.514189 -0.290770 -0.485639
1413394000.255760431 2.421708 0.518033 -0.290528 0.461481 0.518033 -0.290528 0.500256
1413394000.355760574 2.419167 0.523452 -0.310944 -0.437971 0.523452 -0.310944 -0.486231
1413394000.455760479 2.416424 0.523435 -0.305312 -0.445912 0.523435 -0.305312 -0.491160
1413394000.555760384 2.415292 0.523761 -0.308635 -0.444952 0.523761 -0.308635 -0.490588
1413394000.655760527 2.415943 0.523352 -0.309916 -0.445538 0.523352 -0.309916 -0.491705
1413394000.755760431 2.415440 0.523339 -0.309904 -0.444937 0.523339 -0.309904 -0.490436
1413394000.855760574 2.415875 0.523473 -0.309774 -0.444487 0.523473 -0.309774 -0.491002
1413394000.955760479 2.415796 0.523451 -0.309965 -0.444199 0.523451 -0.309965 -0.490544
1413394001.055760384 2.415691 0.523548 -0.310079 -0.443965 0.523548 -0.310079 -0.490547
1413394001.155760527 2.415807 0.523585 -0.310118 -0.443895 0.523585 -0.310118 -0.490557
1413394001.255760431 2.415828 0.523499 -0.310224 -0.443923 0.523499 -0.310224 -0.490227
1413394001.355760574 2.415781 0.523578 -0.310239 -0.443781 0.523578 -0.310239 -0.490366
1413394001.455760479 2.415779 0.523556 -0.310301 -0.443820 0.523556 -0.310301 -0.490257
1413394001.555760384 2.415820 0.523547 -0.310399 -0.443765 0.523547 -0.310399 -0.490167
1413394001.655760527 2.415835 0.523588 -0.310425 -0.443669 0.523588 -0.310425 -0.490130
1413394001.755760431 2.415828 0.523585 -0.310474 -0.443674 0.523585 -0.310474 -0.490039
1413394001.855760574 2.415837 0.523593 -0.310507 -0.443681 0.523593 -0.310507 -0.489941
1413394001.955760479 2.415812 0.523574 -0.310583 -0.443591 0.523574 -0.310583 -0.489935
1413394002.055760384 2.415774 0.523492 -0.310664 -0.443539 0.523492 -0.310664 -0.490145
1413394002.155760527 2.415775 0.523577 -0.310654 -0.443525 0.523577 -0.310654 -0.490087
1413394002.255760431 2.415782 0.523593 -0.310679 -0.443499 0.523593 -0.310679 -0.490141
1413394002.355760574 2.415782 0.523597 -0.310726 -0.443455 0.523597 -0.310726 -0.490088
1413394002.455760479 2.415780 0.523606 -0.310754 -0.443481 0.523606 -0.310754 -0.490053
1413394002.555760384 2.415785 0.523625 -0.310764 -0.443486 0.523625 -0.310764 -0.490060
1413394002.655760527 2.415778 0.523627 -0.310785 -0.443480 0.523627 -0.310785 -0.490028
1413394002.755760431 2.415779 0.523623 -0.310803 -0.443476 0.523623 -0.310803 -0.489979
1413394002.855760574 2.415780 0.523608 -0.310813 -0.443465 0.523608 -0.310813 -0.489917
1413394002.955760479 2.415795 0.523721 -0.310835 -0.443407 0.523721 -0.310835 -0.490001
1413394003.055760384 2.415803 0.523724 -0.310852 -0.443392 0.523724 -0.310852 -0.489932
1413394003.155760527 2.415805 0.523748 -0.310855 -0.443349 0.523748 -0.310855 -0.489878
1413394003.255760431 2.415774 0.523736 -0.310871 -0.443299 0.523736 -0.310871 -0.489839
1413394003.355760574 2.415774 0.523761 -0.310878 -0.443250 0.523761 -0.310878 -0.489886
